1	1	0.5
2	1	3.5
2	12	5
2	19	5
2	23	5
2	40	4.5
2	48	1
2	49	3.875
2	59	5
2	66	5
2	71	0
2	76	5
2	84	5
2	99	4
2	105	5
2	106	3.5
3	1	5
4	1	1
5	1	1
6	1	5
7	1	1
8	1	3
9	1	1
10	1	4
11	1	4
12	1	3
12	84	5
12	96	2
13	1	1
14	1	1
15	1	1
16	1	3
16	19	5
16	49	1
16	53	4.95
16	54	1
16	57	1
16	90	4
16	93	3
16	99	4
16	106	5
16	112	5
16	113	1
17	1	1
17	23	5
17	25	3
17	40	3.8
17	53	5
17	66	5
17	76	5
17	95	5
17	113	1
18	1	1.5
18	48	1
18	99	1
18	116	1
19	1	1
20	1	2
20	23	5
20	40	3
20	48	5
20	49	3
20	54	3
20	95	5
20	112	5
21	1	1
21	40	0
21	80	1
21	92	1
21	110	3.5
22	1	3
22	40	5
22	49	5
22	57	3
22	63	5
22	95	5
22	96	2
22	110	5
22	112	4
23	1	5
24	1	1.357142857
24	4	1
24	12	5
24	23	5
24	25	2
24	40	1
24	48	1
24	49	4
24	76	5
24	106	4
24	112	5
24	116	5
25	1	5
26	1	1.65
26	12	5
26	23	3.5
26	27	5
26	49	4.5
26	53	5
26	59	5
26	66	5
26	93	1
26	96	3
26	99	5
26	119	5
27	1	1.333333333
27	4	1
27	12	5
27	15	0
27	19	4.5
27	39	1.5
27	48	1
27	49	3.8
27	53	5
27	59	5
27	66	5
27	84	0
27	96	3
27	110	5
27	112	5
27	113	2
27	119	5
28	1	1
28	49	5
28	66	5
29	1	4
30	1	4
31	1	1
31	12	5
31	19	3.5
31	25	3
31	48	3
31	49	2.5
31	80	1
31	96	1
32	1	1
33	1	5
34	1	3.666666667
34	25	0
34	66	5
34	76	5
34	80	3
34	92	2
34	96	2
34	99	3
35	1	3
36	1	2.166666667
36	4	1
36	49	1.5
36	54	1
36	66	5
36	92	2
36	96	4
36	110	3
36	113	5
36	116	5
37	1	3
38	1	1.333333333
38	4	1
38	7	5
38	48	1
38	57	1
38	76	5
38	99	1
38	112	5
39	1	1
40	1	1
41	1	2
41	23	5
41	25	4
41	39	1
41	40	3.5
41	41	2
41	48	2.666666667
41	49	2
41	57	1
41	59	5
41	71	5
41	76	5
41	90	3.5
41	93	4
41	96	3
41	99	4.5
41	106	2.5
41	110	1
41	112	3.666666667
41	113	1
42	1	3
42	49	5
43	1	1
44	1	5
45	1	4
46	1	1
47	1	2
47	66	5
47	76	5
48	1	1
49	1	2.95
49	59	5
49	71	4
50	1	1
50	53	5
51	1	5
52	1	1
53	1	3
54	1	1
54	119	1
55	1	1
56	1	2.5
56	12	5
56	23	5
56	48	3
56	49	4
56	53	5
56	54	1
56	59	5
56	66	5
56	76	5
56	96	1.5
56	99	5
56	106	3
57	1	2.375
57	39	1
57	40	3
57	66	5
57	90	5
57	99	1
57	110	4
57	112	5
57	119	1
58	1	3
59	1	1
59	116	1
60	1	1
61	1	2
62	1	1
63	1	3
64	1	1
65	1	5
66	1	3
66	23	5
66	49	5
66	76	5
67	1	5
68	1	3
69	1	3
70	1	5
71	1	3
71	25	1
71	39	1
71	40	3
71	49	4.75
71	57	5
71	96	4
71	99	1
71	113	1
72	1	1
73	1	0
74	1	3
75	1	3
76	1	2
76	39	1
76	71	4
76	107	3
77	1	1
78	1	2
78	66	4
79	1	1
80	1	2
81	1	1
82	1	1
82	48	1
82	90	5
82	106	4.5
82	109	0.5
82	110	5
82	116	1
83	1	1
84	1	0.666666667
84	90	5
84	105	5
84	116	1
85	1	1
86	1	1
87	1	4
88	1	5
89	1	1
90	1	1
90	12	5
90	23	5
90	48	1
90	49	1
90	53	4
90	59	5
90	63	5
90	66	5
90	80	1
90	82	2
90	92	1
90	95	4
90	96	1
90	116	4
90	119	5
91	1	1
92	1	2
92	40	3
92	66	5
92	112	2
92	113	1
93	1	2
94	1	3
95	1	5
96	1	3
96	99	2
96	112	5
97	1	4
97	49	1
97	99	2
98	1	3
98	53	5
98	112	5
99	1	1
100	1	2
100	71	5
100	109	3
101	1	5
102	1	4
103	1	1
103	110	3
104	1	1
105	1	3
105	23	5
105	49	2
105	82	1
106	1	1
107	1	4
108	1	5
109	1	2
110	1	2
110	4	1
110	12	5
110	23	4
110	27	5
110	40	4.25
110	48	3.666666667
110	49	2.9
110	57	2
110	59	5
110	71	2
110	80	5
110	95	5
110	96	2.333333333
110	105	2
110	106	5
110	110	4
110	112	5
110	116	1
111	1	2
111	23	5
111	38	0
111	39	1
111	49	3.5
111	53	5
111	59	5
111	63	5
111	76	5
111	90	5
111	95	5
111	105	1
111	112	5
111	119	1
112	1	1
112	49	1
112	90	5
112	96	1
112	109	4
113	1	1
113	39	1
113	59	4
113	96	3.25
113	105	4.5
114	1	1
115	1	1
115	53	5
116	1	3
116	12	5
116	53	5
116	54	1
116	57	1
116	59	5
116	66	5
116	81	0
116	90	5
116	95	5
116	96	2
116	99	5
116	112	4
116	113	2.5
116	116	2
117	1	2.5
117	40	4
117	49	5
117	59	5
117	90	5
117	96	1
117	113	2
118	1	2
118	4	1
118	12	5
118	23	5
118	40	4.25
118	48	1
118	49	1.333333333
118	53	5
118	54	2
118	57	1
118	59	5
118	76	5
118	90	5
118	95	5
118	96	3
118	99	5
118	106	4.5
118	112	5
118	116	1
118	122	5
119	1	3
120	1	5
121	1	1
122	1	3
123	1	4
124	1	5
124	53	5
124	96	1
124	112	5
125	1	4
126	1	0.5
127	1	1
128	1	2
128	4	1
128	48	1
128	49	2
128	53	5
128	54	2
128	71	5
128	76	5
128	80	1
128	82	1
128	95	5
128	106	3
128	109	3
128	110	5
128	119	1
129	1	1
130	1	1
130	4	1
130	40	4
130	48	1
130	49	3
130	53	5
130	63	5
130	76	5
130	99	5
130	105	4
130	112	4.5
130	113	1
130	116	1
131	1	2.833333333
131	48	1.5
131	53	5
131	66	5
131	71	5
131	95	5
131	99	2
131	112	5
132	1	1
133	1	1
134	1	2.25
134	4	1
134	12	5
134	19	5
134	25	0
134	53	5
134	57	1
134	66	5
134	80	3
134	84	4
134	92	1
134	96	1.5
134	99	5
134	105	1
134	106	5
134	109	4
134	110	5
134	112	5
134	113	1
135	1	2
136	1	3
137	1	2
138	1	3
139	1	1
140	1	1
141	1	3
142	1	3
143	1	1
143	40	4
143	84	4
144	1	1
145	1	1.166666667
145	59	5
145	71	2
145	106	1
145	123	0
146	1	1
147	1	1
148	1	2
149	1	3
150	1	5
151	1	3
152	1	1
153	1	1
154	1	5
155	1	5
156	1	5
156	13	5
156	19	5
156	53	4.8
156	76	5
156	95	5
156	96	1
156	105	1
156	112	5
156	116	2
156	119	5
157	1	1
158	1	1
158	49	4
158	63	5
159	1	1
159	12	5
159	23	5
159	39	1
159	40	4
159	48	2.666666667
159	49	5
159	53	5
159	57	1
159	76	5
159	84	5
159	90	5
159	92	1
159	96	1
159	99	3
159	100	0
159	106	5
159	110	2
159	112	5
159	116	1
160	1	1
161	1	1
162	1	3
163	1	1
164	1	5
165	1	4
165	12	5
165	54	1
165	80	4
165	110	5
166	1	2
166	112	5
167	1	2
168	1	5
169	1	3
169	53	5
170	1	5
171	1	3
171	66	5
172	1	1
172	49	4.5
172	119	1
173	1	5
174	1	2
174	4	2
174	23	5
174	25	1
174	39	1
174	40	3
174	48	1
174	59	5
174	66	2
174	71	4
174	90	5
174	95	5
174	99	1
174	122	5
175	1	1
176	1	1
177	1	5
177	48	3
178	1	1
179	1	1
180	1	2
180	45	5
180	48	5
180	112	5
181	1	1
182	1	1
183	1	4
183	40	2.5
183	57	1
183	66	5
183	105	3
184	1	1
185	1	1
186	1	1
187	1	4
188	1	1
189	1	4
190	1	1
191	1	3.5
191	23	5
191	40	4
191	48	5
191	49	4.8
191	57	1
191	59	5
191	63	5
191	88	0
191	95	5
191	105	1
191	106	3.666666667
191	107	3
191	112	4
191	113	1
191	116	1
192	1	1
193	1	1
194	1	4
195	1	1
196	1	4
197	1	1
198	1	2
199	1	4
200	1	2
201	1	5
202	1	3
203	1	1
204	1	4
205	1	1
206	1	2
207	1	1
208	1	2
209	1	1
210	1	2
211	1	3
211	12	4
211	23	5
211	40	0
211	49	4.8
211	59	5
211	66	5
211	119	3
212	1	1
213	1	1
214	1	3
215	1	1
216	1	2
217	1	1
218	1	2
219	1	1
220	1	5
220	12	5
220	112	5
221	1	1
222	1	1
223	1	2
224	1	1
225	1	1
226	1	1
227	1	5
228	1	1
229	1	4
230	1	1
231	1	1
232	1	1
233	1	2
233	90	5
234	1	2
234	48	1
234	49	2.8
234	57	1
234	59	4
234	76	5
234	80	1
234	90	5
234	95	4
234	99	1
234	110	3.5
234	112	4
235	1	1
235	48	3.5
235	109	4
235	110	1
235	112	5
235	119	5
236	1	1
237	1	1
237	40	4
237	49	1
237	75	5
237	76	5
237	80	1
237	90	5
237	96	5
237	110	3
237	112	5
237	116	4.5
237	119	1
237	122	5
238	1	2
239	1	1
240	1	2
241	1	2
242	1	1
243	1	4
244	1	1
244	19	3
244	54	1
244	90	2
244	95	2
244	99	2
244	112	5
245	1	4
246	1	1
247	1	2
248	1	3.25
248	12	5
248	13	5
248	25	2
248	26	0
248	39	2.5
248	40	1
248	48	1
248	92	1
248	105	4
248	112	5
248	122	5
249	1	1
250	1	4
251	1	1
251	63	5
251	110	5
252	1	2
253	1	1
254	1	1
255	1	1
256	1	5
257	1	5
257	93	2
258	1	5
258	23	5
258	99	5
259	1	1
259	19	5
260	1	4
261	1	3
262	1	2
263	1	4
264	1	2
265	1	1
266	1	2
267	1	5
268	1	5
269	1	3
270	1	1
271	1	1
272	1	3
272	49	2.6
272	92	2
273	1	1
273	19	5
273	25	2
273	40	1
273	48	1
273	49	1
273	96	1
273	110	3
273	112	5
273	113	2
273	116	1
273	119	4
274	1	1
275	1	1
276	1	2
277	1	3
278	1	1
279	1	2
280	1	1
281	1	1
282	1	2
283	1	2.433333333
283	59	5
283	66	5
283	96	1
283	110	3
283	112	4
284	1	1
285	1	1
285	99	1
285	107	4
286	1	4
287	1	1
287	23	5
287	106	5
287	110	5
288	1	3
289	1	5
289	96	5
289	112	5
290	1	5
291	1	1
292	1	4
293	1	1
294	1	1
295	1	5
296	1	1
297	1	4
297	4	2
297	53	5
297	66	5
297	95	5
298	1	1
299	1	1
300	1	5
301	1	3
301	53	5
301	54	1
301	59	5
301	90	5
301	96	1
301	106	5
301	110	5
301	112	5
301	119	1
302	1	1
303	1	1
304	1	5
305	1	2
306	1	5
306	15	0
306	40	1
306	48	1
306	53	5
306	59	5
306	90	5
306	95	5
307	1	1
308	1	1
309	1	1
310	1	5
311	1	2
311	23	5
312	1	1
312	39	1
312	116	1
313	1	5
313	49	2.5
313	53	5
313	66	5
313	90	5
313	113	1
313	116	1
314	1	3
315	1	2
316	1	1
317	1	1
318	1	1
319	1	3
320	1	3
321	1	4
321	48	4
321	49	2.75
321	54	1
321	59	5
321	96	4
322	1	3
323	1	5
324	1	4
325	1	5
326	1	4
327	1	3.7
327	4	1
327	25	0
327	48	2
327	49	5
327	53	5
327	76	5
327	105	4
327	122	4
328	1	3
328	106	5
329	1	5
330	1	3
331	1	5
332	1	4
332	54	1
332	76	5
332	90	5
333	1	2
333	48	1
333	71	5
333	119	1
334	1	1
335	1	4
336	1	5
336	76	5
336	82	3
337	1	5
338	1	1.8
339	1	1
340	1	0
341	1	0
342	1	4.5
343	1	0.1
344	1	5
345	1	0
346	1	3.5
347	1	0
348	1	2
348	63	0
348	84	5
348	95	5
348	96	5
349	1	0.1
350	1	4
351	1	0.1
351	112	5
352	1	5
352	12	5
352	66	5
353	1	1
354	1	0.9
354	95	5
354	106	5
355	1	2.5
356	1	0.3
357	1	0
358	1	4
358	112	4
358	119	1
359	1	0
360	1	0
361	1	0
362	1	1.1
363	1	2.8
364	1	3.6
365	1	0.5
366	1	0
367	1	0
368	1	1
368	12	5
368	40	1
368	49	3
368	59	1
368	75	0
368	76	5
368	90	5
368	92	5
368	96	1
368	105	3
368	110	5
369	1	4.9
370	1	0
371	1	3.5
372	1	4.3
373	1	2.5
374	1	2.5
375	1	2.5
376	1	0.5
377	1	4
378	1	3.6
379	1	1
380	1	4.5
381	1	0
382	1	4.5
382	109	3
383	1	5
384	1	4.8
384	110	2
385	1	4.8
386	1	4.3
386	49	5
387	1	4.5
388	1	4.5
389	1	3.8
390	1	2.5
391	1	4
392	1	5
393	1	5
394	1	4
395	1	0.5
396	1	0.1
397	1	2.5
398	1	0
399	1	0
400	1	3.5
401	1	0
402	1	3
403	1	1
404	1	3.5
405	1	2.1
405	12	5
405	39	1
405	60	0
405	90	5
406	1	0
407	1	2.5
408	1	2.5
409	1	4.5
410	1	0.1
411	1	0
412	1	0
413	1	0
414	1	4.2
415	1	0.5
416	1	1
417	1	0.1
418	1	1
419	1	1.5
419	57	1
419	59	5
419	119	1
420	1	0.2
421	1	4.5
422	1	0
423	1	5
424	1	5
424	49	4.8
425	1	0
426	1	0.1
427	1	4.5
428	1	4.3
429	1	4.5
430	1	5
431	1	4
432	1	4
433	1	5
434	1	4
435	1	4.8
436	1	4.5
437	1	4.6
438	1	0.5
438	12	5
438	13	5
438	40	5
438	59	5
439	1	2.5
440	1	0.5
440	112	5
441	1	4
441	76	5
442	1	1
443	1	1.6
444	1	3.8
445	1	0
446	1	2.5
447	1	3.5
448	1	0.5
448	48	1
448	113	2
449	1	3.5
450	1	0.3
451	1	0
452	1	0.1
453	1	0
454	1	4.5
455	1	4.5
456	1	2.5
457	1	3.5
457	23	5
457	92	2
458	1	3.3
459	1	3.5
460	1	4.9
461	1	2.5
462	1	5
463	1	5
464	1	0
465	1	4.5
466	1	0
467	1	0
468	1	4.9
468	40	5
468	53	5
469	1	4.9
470	1	5
471	1	0
472	1	4.8
473	1	5
474	1	5
475	2	0
475	48	1
475	71	4
476	2	0
477	3	0
478	3	0
479	3	0
480	4	1
480	53	5
480	57	2
480	108	0
481	4	5
482	4	4
483	4	4
484	4	1
485	4	5
485	112	5
486	4	1
487	4	1
488	4	1
489	4	4
490	4	5
491	4	1
492	4	1
493	4	1
494	4	1
494	12	5
494	113	4
495	4	1
496	4	1
497	4	3.5
498	4	5
499	4	1
500	4	2
501	4	3
502	4	1
503	4	1
504	4	1
505	4	1
506	4	1
507	4	1
508	4	5
509	4	1
510	4	1
511	4	1
512	4	2
513	4	4
514	4	2
515	4	1
516	4	1
517	4	1
518	5	0
518	25	0
518	122	4
519	5	0
519	40	5
519	76	5
519	99	4
519	112	5
519	119	1
519	122	0
520	6	0
521	6	0
522	6	0
523	6	0
524	6	0
525	6	0
526	6	0
527	6	0
528	6	0
529	6	0
530	6	0
531	6	0
532	6	0
533	6	0
534	6	0
535	6	0
536	6	0
537	6	0
538	6	0
539	6	0
540	6	0
541	6	0
542	6	0
543	6	0
544	6	0
545	6	0
546	6	0
547	6	0
548	6	0
549	6	0
550	6	0
551	6	0
552	6	0
553	6	0
554	6	0
555	6	0
556	6	0
557	6	0
558	6	0
559	6	0
560	6	0
561	6	0
562	6	0
563	6	0
564	6	0
565	6	0
566	6	0
567	6	0
568	6	0
569	6	0
570	6	0
571	6	0
572	6	0
573	6	0
574	6	0
575	6	0
576	6	0
577	6	0
578	6	0
579	6	0
580	6	0
581	6	0
582	6	0
583	6	0
584	6	0
585	6	0
586	6	0
587	6	0
588	6	0
589	6	0
590	6	0
591	6	0
592	6	0
593	6	0
594	6	0
595	6	0
596	6	0
597	6	0
598	6	0
599	6	0
600	6	0
601	6	0
602	6	0
603	6	0
604	6	0
605	6	0
606	6	0
607	6	0
608	6	0
609	6	0
610	6	0
611	6	0
612	6	0
613	6	0
614	6	0
615	6	0
616	6	0
617	6	0
618	6	0
619	6	0
620	7	5
621	7	1
621	27	3
621	31	4
621	50	5
621	111	4
622	8	0
622	25	1
622	51	0
622	66	5
622	92	2
622	96	5
623	8	0
623	84	5
624	9	4
625	10	2
625	19	5
625	60	0
625	95	5
625	96	1
625	112	5
626	11	4
626	96	3
627	12	5
628	12	5
629	12	5
630	12	5
631	12	5
632	12	5
633	12	5
634	12	5
635	12	5
636	12	5
637	12	5
638	12	5
639	12	5
640	12	5
641	12	5
642	12	4
643	12	5
644	12	5
645	12	5
646	12	5
647	12	4
648	12	5
649	12	5
650	12	5
651	12	3
652	12	5
653	12	5
653	116	1
654	12	5
654	26	0
654	107	3
655	12	5
656	12	5
656	112	5
657	12	5
658	12	5
658	59	5
658	90	5
658	96	2
658	112	5
659	12	5
659	39	1
660	12	5
661	12	5
662	12	5
663	12	5
664	12	4
665	12	5
665	80	5
666	12	5
667	12	5
667	76	5
668	12	5
669	12	5
670	12	5
670	54	5
670	105	3
670	106	5
670	107	3
671	12	5
671	19	5
672	12	5
673	12	4
674	12	5
674	59	5
675	12	5
676	12	5
677	12	5
678	12	5
678	119	4
679	12	5
680	12	5
681	12	5
682	12	5
683	12	5
684	12	5
685	12	5
685	23	5
685	40	5
685	57	1
685	76	4
685	80	2
685	106	2
686	12	5
686	19	5
686	40	4
686	48	5
686	49	2.1
686	71	4
686	95	5
686	96	3
686	99	2
686	113	1
687	12	3
688	12	5
689	12	5
690	12	5
691	12	5
692	12	5
692	40	1
692	49	4
693	12	4
693	40	1
693	49	5
693	99	1
693	112	5
694	12	5
695	12	5
696	12	5
697	12	5
698	12	5
699	12	5
700	12	5
700	90	5
701	12	5
701	39	1
702	12	5
703	12	5
704	12	5
705	12	5
706	12	5
707	12	5
708	13	0
709	13	0
710	13	5
711	13	3.2
712	13	5
713	13	5
714	13	4.8
714	66	3.5
715	13	5
716	13	5
716	90	5
717	13	4.9
718	13	5
719	13	5
720	13	5
721	13	5
722	13	5
723	13	5
724	13	5
724	80	5
724	106	2
725	13	4.8
726	13	4.8
727	13	4.8
728	13	4.8
729	13	4.5
730	13	5
730	120	4
731	13	5
732	13	4.8
733	13	4.9
734	13	4.9
735	14	0
736	14	0
737	14	0
738	14	0
739	15	4
740	15	0
740	45	4
740	49	2
741	15	0
742	15	0
742	76	5
742	82	4
742	96	3
742	109	0
742	116	1
743	15	0
744	15	0
745	15	0
745	41	3
746	15	0
747	15	0
748	15	0
749	15	0
750	16	0
751	16	0
751	110	5
752	17	0
752	74	0
753	17	0
753	74	0
754	18	5
755	18	5
756	18	5
757	18	5
758	19	1
759	19	5
760	19	5
761	19	5
762	19	5
763	19	5
764	19	5
764	86	0
765	19	5
766	19	5
767	19	5
768	19	5
769	19	5
770	19	5
771	19	3
772	19	5
773	19	5
774	19	5
775	19	4
776	19	5
777	19	5
778	19	3
779	19	5
780	19	5
781	19	5
782	19	5
783	19	5
784	19	5
785	19	5
786	19	5
787	19	5
788	19	5
789	19	5
790	19	5
791	19	5
792	19	5
793	19	5
794	19	5
795	19	5
796	19	5
797	19	5
797	92	5
797	112	5
798	19	5
799	19	5
800	19	5
800	25	0
800	82	0
801	19	5
802	19	5
803	19	5
804	19	5
805	19	5
806	19	5
807	19	5
808	19	5
809	19	5
810	20	0
811	20	0
812	20	0
813	20	0
814	20	0
815	20	0
816	21	5
816	94	5
817	21	1
818	21	1
819	21	2.5
819	47	4
819	63	2.5
819	118	4
820	21	1
821	21	1
822	21	1
823	21	0.8
823	52	5
823	55	1
823	63	5
823	72	1.5
823	118	2.833333333
824	21	2
824	118	2.5
825	21	5
826	21	1
827	21	1
827	47	2
827	52	5
827	55	3
827	63	0
827	72	1.25
827	118	5
828	21	1.333333333
828	47	2.666666667
828	53	5
828	55	1
828	63	3.333333333
828	68	1
828	72	2.6
828	117	0
829	21	0
830	21	2
831	21	5
832	21	1
833	21	2
834	21	1
835	21	2
835	63	0
835	72	4.333333333
835	118	1
836	21	1
837	21	1
837	52	2
837	55	5
837	63	5
837	72	1
838	21	1
839	21	1
840	21	1
841	21	2.531914894
841	47	2.508196721
841	52	2.111111111
841	53	2.625
841	55	1.972972973
841	63	2.525423729
841	68	1.511627907
841	72	1.966101695
841	117	2.583333333
841	118	2.575342466
842	21	1
842	63	5
843	21	3
843	55	4
843	63	5
843	72	0
844	21	1
845	21	2
846	21	1
847	21	1
848	21	5
849	21	0
850	21	1
851	21	1
852	21	0
852	118	1
853	21	2.333333333
853	52	5
853	53	5
853	55	4.5
853	63	0
853	72	3
853	117	4
854	21	4
855	21	4
856	21	1
857	21	2
858	21	1
859	21	5
860	21	3.5
861	21	1
862	21	1
863	21	2
864	21	5
865	21	5
866	21	5
867	21	4
867	68	5
868	21	1
868	68	4
868	72	2.5
868	118	3
869	21	5
870	21	5
871	21	4
872	21	5
872	68	5
873	21	3
873	55	5
873	72	4
874	21	0
875	21	1
876	21	3
877	21	5
878	21	1
879	21	1
879	47	5
879	52	2
879	63	3
879	118	1.666666667
880	21	5
881	21	1
882	21	1
882	47	5
882	52	5
882	63	4.5
882	68	3
882	118	5
883	21	1
884	21	5
885	21	3
886	21	5
887	21	1
888	21	3
889	21	1
890	21	3
891	21	0
892	21	3
893	21	2
894	21	1
895	21	3
896	21	1
897	21	0
897	52	4
897	63	3
897	72	5
898	21	1
899	21	1
900	21	1
901	21	2.333333333
901	55	1
901	63	5
901	72	3
901	117	4
901	118	5
902	21	0
903	21	1
904	21	1
905	21	0
906	21	1
907	21	5
908	21	5
909	21	3
909	47	5
909	55	3
909	72	0
909	117	5
910	21	5
911	21	4
912	21	5
912	53	3
912	63	2.5
912	72	2
912	118	1
913	21	1.5
914	21	5
915	21	5
916	21	1
917	21	5
918	21	5
919	21	5
920	21	5
921	21	0
922	21	1
922	47	2
922	63	1.666666667
922	72	5
922	118	3
923	21	5
924	21	5
925	21	1
926	21	1
927	21	5
928	21	1
929	21	4
930	21	3
931	21	3
931	72	5
932	21	4
933	21	5
933	55	4
933	63	4
933	72	4
934	21	2
935	21	5
935	63	4
936	21	3
937	21	5
938	21	1
938	47	5
938	72	5
939	21	1
940	21	3
940	47	4.5
940	52	5
940	63	4.666666667
941	21	0
942	21	0
943	21	3
944	21	2
944	47	2.5
944	52	2
944	53	1
944	55	5
944	63	5
944	68	5
944	72	2.25
944	117	4
944	118	3.75
945	21	1
946	21	1
946	47	5
946	68	1
946	118	5
947	21	3
948	21	2
949	21	0
949	72	5
950	21	2
951	21	5
952	21	2
953	21	0
954	21	0
954	63	5
954	68	1
954	72	2.8
955	21	2
956	21	1.666666667
956	47	4
956	52	3
956	55	3
956	63	3
956	68	1
956	72	2.333333333
956	117	5
956	118	3.5
957	21	2
958	21	3
958	118	4
959	21	1
960	21	4
960	63	5
961	21	5
961	118	5
962	21	1
963	21	1
964	21	1
965	21	0
966	21	4
967	21	4
968	21	3.666666667
968	47	3
968	52	2
968	63	2.5
968	72	1.25
968	117	0
968	118	3.666666667
969	21	1
969	72	4
970	21	4
971	21	4
972	21	1
973	21	3
974	21	5
974	55	5
974	68	5
974	72	4.333333333
974	118	3
975	21	2
976	21	5
976	72	4
977	21	2
977	55	1
977	63	5
977	68	1
977	72	2
977	118	1
978	21	3.5
979	21	4
979	55	5
980	21	3
980	117	0
981	21	3
982	21	2
983	21	3
984	21	1
985	21	1
986	21	2
987	21	3
988	21	2
989	21	3
989	63	5
990	21	3
990	47	5
990	55	5
990	63	1
990	72	0
990	118	4
991	21	1
991	118	1
992	21	0
993	21	4
994	21	1
995	21	1
996	21	5
997	21	2
997	72	1
998	21	3
998	55	4
998	118	2
999	21	1
1000	21	1
1000	47	4
1000	63	5
1001	21	2
1002	21	1
1003	21	2
1003	47	5
1003	63	5
1004	21	4
1005	21	4
1006	21	5
1007	21	1
1007	118	0
1008	21	1
1009	21	5
1010	21	5
1011	21	4
1012	21	2
1012	63	5
1013	21	3
1014	21	1
1014	55	1
1015	21	4
1015	55	4
1015	63	5
1015	72	1
1015	118	2.5
1016	21	1
1016	47	5
1016	55	3
1016	63	5
1016	72	5
1017	21	2
1018	21	1
1018	55	1
1018	117	5
1018	118	1
1019	21	4
1020	21	4
1020	118	4
1021	21	3
1021	68	1
1022	21	5
1023	21	3
1023	47	5
1023	63	4.25
1023	68	0
1023	72	2
1023	118	4
1024	21	2
1025	21	1
1025	52	1
1025	117	0
1026	21	5
1027	21	1
1028	21	5
1029	21	1
1030	21	1
1031	21	1
1031	63	1.5
1032	21	1
1033	21	1
1034	21	2
1035	21	1
1036	21	0
1036	55	0
1037	21	3
1038	21	1
1038	52	5
1038	63	5
1038	68	1
1038	72	0
1039	21	1
1040	21	1
1041	21	1
1042	21	2
1043	21	0.5
1043	72	5
1043	118	5
1044	21	1
1045	21	0
1046	21	1
1047	21	3
1048	21	5
1049	21	2
1050	21	3
1051	21	5
1052	21	2
1053	21	1
1053	72	0
1054	21	1
1055	21	1
1056	21	1
1057	21	2
1057	118	1
1058	21	5
1059	21	2
1060	21	1
1060	63	1
1060	72	4.5
1060	118	2.5
1061	21	2
1061	55	1
1062	21	1
1062	63	5
1062	72	5
1063	21	4
1064	21	4
1064	47	5
1064	55	1
1064	68	5
1065	21	1
1066	21	4
1067	21	0
1068	21	1
1069	21	1
1070	21	5
1071	21	0
1072	21	5
1073	21	2
1074	21	1
1075	21	3
1075	47	2
1076	21	4
1077	21	5
1078	21	1
1079	21	1
1080	21	0
1081	21	1
1082	21	1
1083	21	0
1084	21	4
1085	21	1
1086	21	1
1087	21	2
1088	21	2
1089	21	1
1090	21	4
1090	55	1.5
1090	68	3.5
1090	72	3.5
1090	118	3.333333333
1091	21	5
1091	47	0
1091	53	1
1091	63	2.4
1091	68	5
1091	72	3.5
1091	117	5
1091	118	5
1092	21	4
1093	21	5
1094	21	1
1095	21	4
1095	63	5
1096	21	5
1097	21	0
1098	21	3
1099	21	5
1099	63	5
1099	72	5
1100	21	1
1101	21	3
1101	55	1
1102	21	5
1103	21	1
1104	21	0
1105	21	3
1106	21	4
1107	21	5
1107	72	1
1108	21	5
1109	21	5
1109	52	5
1109	63	2.8
1109	72	2.5
1109	118	2.333333333
1110	21	5
1111	21	0
1111	55	0
1112	21	0
1113	21	0
1113	47	4
1113	52	5
1113	63	3.5
1113	68	5
1113	118	4
1114	21	3
1115	21	0
1116	21	1
1116	47	5
1116	63	4.5
1116	117	4
1116	118	0
1117	21	5
1118	21	1
1119	21	1
1119	63	5
1119	72	3.333333333
1119	118	1
1120	21	1
1121	21	1
1121	72	1
1122	21	5
1123	21	0
1124	21	1
1125	21	1
1126	21	5
1127	21	2
1128	21	5
1129	21	4
1129	117	5
1130	21	5
1131	21	5
1132	21	5
1133	21	1
1134	21	0
1134	55	1
1134	72	1
1134	117	0
1134	118	5
1135	21	0
1136	21	5
1137	21	1
1138	21	2
1139	21	5
1139	52	1
1140	21	4
1141	21	5
1142	21	5
1143	21	5
1144	21	1
1144	72	1
1145	21	5
1146	21	5
1147	21	5
1148	21	5
1149	21	5
1150	22	0
1151	22	0
1152	22	0
1153	22	0
1154	23	5
1155	23	3
1156	23	1
1157	23	1
1158	23	5
1159	23	5
1160	23	5
1161	23	5
1162	23	5
1163	23	5
1164	23	5
1164	53	5
1164	96	5
1164	110	4
1165	23	5
1166	23	5
1167	23	5
1167	113	1
1167	116	4
1168	23	5
1169	23	5
1169	110	4
1170	23	5
1171	23	5
1172	23	5
1173	23	5
1174	23	5
1174	112	5
1175	23	5
1175	48	4
1176	23	5
1177	23	5
1178	23	5
1179	23	5
1180	23	5
1181	23	5
1182	23	5
1183	23	5
1184	23	5
1184	66	5
1185	23	5
1186	23	5
1187	23	5
1188	23	5
1189	23	5
1189	119	4.5
1190	23	5
1190	109	3
1191	23	5
1192	23	5
1193	23	5
1194	23	5
1195	23	5
1196	23	5
1197	23	5
1198	23	5
1199	23	5
1200	23	5
1201	23	5
1202	23	5
1203	23	5
1203	84	5
1203	107	5
1204	23	6
1205	23	5
1206	23	5
1207	23	5
1208	24	0
1209	24	0
1210	24	0
1211	24	0
1212	24	0
1213	24	0
1214	24	0
1215	24	0
1216	24	0
1217	24	0
1218	24	0
1219	24	0
1220	24	0
1221	24	0
1222	24	0
1223	25	5
1224	25	3
1225	25	4
1226	25	4
1227	25	3
1228	25	5
1229	25	1
1230	25	1
1231	25	1
1232	25	1
1233	25	3
1234	25	1
1234	82	0
1234	106	5
1234	107	3
1235	25	2
1236	25	5
1237	25	4
1237	96	1
1238	25	1
1239	25	1
1240	25	1
1241	25	1
1242	25	1
1243	25	1
1244	25	1
1245	25	1
1246	25	0
1247	25	0
1248	25	2
1249	25	4
1250	25	3
1250	53	5
1250	58	5
1250	84	5
1251	25	4
1252	25	1
1253	25	3
1254	25	3
1255	25	3
1256	25	1
1257	25	3
1258	25	2
1259	25	4
1260	25	4
1260	71	5
1260	109	0
1261	25	4
1262	25	4
1263	25	3
1263	59	4
1263	96	2
1263	119	5
1264	25	2
1265	25	3
1266	25	2
1267	25	3
1267	84	0
1268	25	4
1269	25	3
1269	53	4
1270	25	0
1271	25	0
1272	25	0
1273	25	0
1274	25	0
1275	25	0
1276	25	0
1277	25	0
1278	25	0
1279	25	0
1279	44	0
1280	25	0
1280	26	0
1281	25	0
1282	26	0
1282	110	5
1282	119	1
1283	26	0
1283	41	0
1283	82	0
1284	26	0
1285	26	0
1286	26	0
1287	27	5
1288	27	4
1289	27	4
1289	31	4
1289	50	3
1289	104	4
1289	111	5
1290	27	5
1291	27	5
1292	27	5
1293	27	4
1294	27	5
1295	28	0
1296	28	0
1297	29	0
1298	29	0
1299	29	0
1300	29	0
1301	29	0
1302	30	0
1303	30	0
1304	30	0
1305	30	0
1306	31	5
1307	31	5
1308	31	3
1309	31	5
1310	31	5
1311	32	0
1312	32	0
1313	32	0
1314	33	0
1315	33	0
1316	33	0
1317	34	0
1318	34	0
1319	34	0
1319	48	2
1320	34	0
1321	34	0
1322	34	0
1323	34	0
1324	34	0
1325	34	0
1326	35	0
1327	35	0
1328	35	0
1329	35	0
1330	35	0
1331	35	0
1332	36	0
1333	36	0
1334	37	0
1335	37	0
1336	37	0
1337	37	0
1338	37	0
1339	37	0
1340	37	0
1341	37	0
1342	37	0
1343	37	0
1344	38	0
1345	39	1
1346	39	1
1347	39	1
1348	39	1
1349	39	1
1350	39	2
1351	39	3
1352	39	1
1353	39	1
1354	39	1
1355	39	2
1356	39	1
1357	39	3
1357	66	5
1358	39	1
1359	39	1
1360	39	2
1360	40	1
1361	39	2
1362	39	1
1362	41	3
1362	96	1
1362	108	0
1363	39	1
1364	39	1
1365	39	1
1366	39	1
1367	39	1
1368	39	1
1369	39	1
1370	39	1
1371	39	4
1371	66	5
1371	112	5
1372	39	1
1373	39	1
1374	39	1
1375	39	1
1376	39	1
1377	39	3
1377	59	5
1377	109	3
1378	39	3
1379	39	1
1380	39	1
1381	39	3
1381	48	5
1382	39	1
1383	39	1
1384	39	1
1385	39	2
1386	39	1
1387	39	1
1388	39	1
1389	39	1
1390	39	1
1391	39	1
1392	39	1
1393	39	1
1394	39	1
1394	59	5
1394	92	2
1394	106	2
1394	113	1
1394	122	5
1395	39	1
1395	49	4.6
1395	110	4
1395	119	1
1396	39	1
1397	39	1
1398	39	1
1399	40	2
1400	40	1
1401	40	3
1401	49	3
1401	59	5
1401	75	0
1401	95	5
1401	106	3
1401	111	5
1401	112	5
1401	119	5
1402	40	2
1403	40	4
1404	40	1
1405	40	3
1405	53	5
1405	59	5
1405	92	3.5
1405	95	5
1405	99	5
1405	106	5
1405	112	5
1406	40	5
1407	40	1
1407	59	5
1408	40	1
1409	40	1
1410	40	5
1411	40	4
1412	40	3
1413	40	1
1414	40	4
1415	40	5
1415	48	1
1416	40	1
1417	40	1
1418	40	1
1419	40	5
1420	40	3
1421	40	1
1422	40	1
1423	40	4
1424	40	3
1425	40	4
1426	40	3
1427	40	1
1428	40	1
1429	40	1
1430	40	5
1431	40	5
1432	40	1
1433	40	2
1434	40	2
1435	40	2
1436	40	1
1437	40	4
1438	40	5
1439	40	3
1440	40	2
1441	40	3
1442	40	1
1443	40	5
1444	40	4
1445	40	2
1446	40	3
1446	48	5
1446	80	1
1446	96	3
1447	40	5
1447	110	5
1448	40	3
1449	40	4
1450	40	5
1451	40	1
1452	40	3
1453	40	3
1454	40	4
1455	40	1
1456	40	1
1457	40	4
1458	40	4
1459	40	4
1460	40	5
1461	40	5
1462	40	5
1463	40	5
1463	49	5
1464	40	5
1465	40	4
1465	49	5
1465	59	5
1465	96	5
1466	40	5
1467	40	5
1467	76	5
1468	40	5
1469	40	5
1469	49	1
1469	75	0
1469	106	5
1470	40	5
1471	40	5
1472	40	4
1473	40	5
1474	40	4
1475	40	5
1476	40	2
1476	96	3
1477	40	5
1478	40	5
1479	40	5
1479	96	3
1480	40	4
1481	40	2.5
1482	40	4.5
1483	40	2.5
1484	40	0
1485	40	1
1486	40	0.1
1487	40	3
1488	40	0.1
1489	40	5
1490	40	2.1
1491	40	3.5
1492	40	0.5
1493	40	0
1494	40	0
1495	40	2
1496	40	0
1497	40	4.9
1498	40	5
1499	40	4.9
1500	40	5
1501	40	4.5
1502	40	5
1503	40	5
1504	40	4.9
1505	40	5
1506	40	4.8
1507	40	4.3
1508	40	4
1509	40	4
1510	40	2.5
1511	40	3.9
1512	40	4.5
1513	40	5
1514	40	4.9
1514	51	0
1514	54	1.5
1514	90	5
1515	40	5
1516	40	4
1517	40	2.8
1518	40	4.5
1519	40	4.8
1520	40	4.3
1521	40	4.3
1522	40	5
1523	40	4.3
1523	84	5
1523	122	5
1524	40	5
1525	40	4.3
1526	40	5
1527	40	1.5
1528	41	3
1529	41	4
1530	41	4
1531	41	4
1532	41	3
1533	41	3
1534	41	0
1535	41	3
1535	113	1
1536	41	4
1537	41	1
1538	41	0
1539	41	1
1540	41	5
1541	41	3
1542	41	4
1543	41	4
1544	41	3
1545	41	4
1546	41	4
1547	41	4
1548	41	4
1549	41	5
1550	41	4
1550	66	5
1551	41	3
1552	41	5
1553	41	2
1554	41	1
1555	41	1
1556	41	2
1557	41	0
1558	41	0
1558	48	1
1558	58	0
1558	63	5
1559	41	0
1560	41	0
1560	49	4.9
1560	96	1
1560	106	5
1561	41	0
1562	41	0
1563	41	0
1564	41	0
1564	58	5
1565	42	0
1566	42	0
1567	43	0
1567	49	1
1567	90	5
1567	95	5
1567	96	1
1567	112	5
1567	116	1
1568	44	0
1569	44	0
1570	44	0
1571	44	0
1571	53	4.95
1571	57	1
1571	96	2.5
1571	112	5
1571	119	4
1572	44	0
1573	44	0
1574	44	0
1575	44	0
1576	44	0
1577	46	0
1578	46	0
1579	46	0
1580	46	0
1581	46	0
1582	46	0
1583	47	1
1584	47	1
1585	47	0
1585	55	4
1585	63	3
1586	47	5
1587	47	1
1588	47	2
1589	47	1
1590	47	3.5
1591	47	5
1592	47	1
1593	47	0
1594	47	1
1595	47	3
1595	72	0.5
1596	47	0
1597	47	0
1598	47	4
1599	47	1
1600	47	0
1601	47	0
1602	47	3
1603	47	3
1604	47	1
1605	47	1
1606	47	1
1607	47	2
1608	47	5
1609	47	1
1610	47	1
1611	47	5
1612	47	0
1613	47	1
1613	118	4
1614	47	5
1615	47	2
1616	47	5
1617	47	4
1618	47	5
1619	47	5
1620	47	4
1621	47	5
1622	47	5
1623	47	4
1624	47	4
1624	72	0
1625	47	5
1626	47	4
1627	47	5
1628	47	4
1629	47	5
1630	47	5
1631	47	5
1632	47	5
1633	47	1
1634	47	5
1635	47	5
1636	47	5
1637	47	5
1638	47	5
1639	47	5
1640	47	5
1641	47	5
1642	47	5
1643	47	5
1644	47	5
1645	47	0
1646	47	5
1647	47	5
1648	47	4
1649	47	4
1650	47	1
1651	47	5
1652	47	5
1653	47	5
1654	47	5
1655	47	5
1656	47	5
1657	47	5
1658	47	5
1659	47	5
1660	47	5
1661	47	4
1662	47	5
1663	47	5
1664	47	5
1665	47	5
1666	47	5
1667	47	5
1668	47	5
1669	47	5
1670	47	5
1671	47	5
1672	47	4
1673	47	5
1674	47	5
1675	47	5
1676	47	5
1677	47	5
1678	47	5
1679	47	5
1680	47	5
1681	47	4
1682	47	5
1683	47	5
1684	47	5
1685	47	5
1686	47	4
1687	47	5
1688	47	5
1689	47	5
1690	47	5
1691	47	4
1692	47	5
1693	47	5
1694	47	5
1695	47	4
1696	47	4
1697	47	5
1698	47	5
1699	47	5
1700	47	5
1701	47	5
1702	47	5
1703	47	5
1704	47	5
1705	47	5
1706	47	5
1707	47	5
1708	47	4
1709	47	5
1710	47	5
1711	47	5
1712	47	5
1713	47	5
1714	47	0
1715	47	4
1716	47	5
1717	47	4
1718	47	5
1719	47	5
1720	47	5
1721	47	5
1722	47	5
1723	47	5
1724	47	5
1725	47	4
1726	47	5
1727	47	4
1728	47	5
1729	47	4
1730	47	4
1731	47	5
1732	47	5
1733	47	5
1734	47	4
1735	47	5
1736	47	5
1737	47	5
1738	47	5
1739	47	5
1740	47	5
1741	47	5
1742	47	5
1743	47	5
1744	47	5
1745	47	5
1746	47	5
1747	47	4
1748	47	5
1749	47	5
1750	47	5
1751	47	5
1752	47	3
1753	47	5
1753	63	5
1754	47	5
1755	47	5
1756	47	5
1757	47	5
1758	47	5
1759	47	4
1760	47	4
1761	47	5
1762	47	5
1763	47	5
1764	47	5
1765	47	4
1766	47	0
1767	47	5
1768	47	5
1769	47	5
1770	47	5
1771	47	4
1772	47	5
1773	47	5
1774	47	5
1775	47	4
1776	47	5
1777	47	5
1778	47	5
1779	47	5
1780	47	1
1781	47	5
1782	47	5
1783	47	5
1784	47	5
1785	47	5
1786	47	4
1787	47	5
1787	72	1
1788	47	3
1789	47	3
1790	47	4
1791	47	4
1792	47	4
1793	47	3
1794	47	0
1795	47	5
1796	47	4
1796	72	2
1797	47	1
1798	47	2
1799	47	2
1800	47	0
1801	47	1
1802	47	0
1803	47	1
1804	47	3
1805	47	5
1806	47	0
1807	47	3
1808	47	5
1809	47	5
1810	47	5
1811	47	3
1811	63	0
1811	72	2
1812	47	1
1813	47	5
1814	47	5
1815	47	5
1815	72	1
1816	47	5
1817	47	1
1818	47	5
1819	47	3
1820	47	5
1821	47	5
1822	47	5
1823	47	5
1824	47	5
1825	47	5
1826	47	5
1827	47	5
1828	47	1
1829	47	5
1830	47	5
1831	47	5
1832	47	5
1833	47	0
1834	47	5
1835	47	5
1835	72	1
1836	47	5
1836	72	5
1836	118	5
1837	47	4
1838	47	5
1839	47	1
1839	63	5
1839	118	2
1840	47	5
1841	47	5
1841	63	0
1842	47	5
1843	47	2
1844	47	5
1845	47	5
1846	47	5
1846	52	5
1847	47	3
1847	55	2
1847	63	0
1847	68	1
1848	47	4
1849	47	1
1850	47	5
1850	117	5
1851	47	5
1852	47	5
1853	47	3
1854	47	1
1855	47	2
1856	47	5
1857	47	5
1858	47	5
1859	47	5
1860	47	5
1861	47	5
1861	52	1
1861	63	5
1861	68	5
1861	72	3
1861	118	3.333333333
1862	47	5
1863	47	5
1864	47	5
1865	47	5
1866	47	5
1867	47	5
1868	47	5
1869	47	5
1870	47	5
1871	47	5
1872	47	5
1873	47	5
1874	47	5
1875	47	5
1876	47	5
1877	47	5
1878	47	5
1879	47	5
1880	47	5
1881	47	5
1882	47	5
1883	47	5
1884	47	5
1885	47	1
1886	47	4
1887	47	5
1888	47	3
1889	47	5
1889	55	3
1890	47	5
1891	47	1
1892	47	5
1893	47	5
1894	47	4
1895	47	5
1896	47	5
1897	47	5
1898	47	5
1898	68	0
1899	47	5
1900	47	1
1900	72	5
1901	47	1
1902	47	5
1903	47	2
1904	47	1
1904	68	0
1904	72	1
1905	47	1
1906	47	1
1907	47	4
1907	52	1
1907	53	3
1907	55	0.666666667
1907	63	2.5
1907	72	4
1907	118	1.666666667
1908	47	1
1909	47	1
1910	47	1
1911	47	5
1912	47	5
1912	63	5
1913	47	2
1914	47	5
1915	47	1
1915	72	5
1916	47	5
1917	47	4
1918	47	5
1919	47	3
1919	63	1
1919	72	2.75
1919	118	0
1920	47	3
1921	47	5
1921	72	5
1922	47	1
1923	47	5
1924	47	1
1925	47	5
1926	47	5
1926	52	1
1926	63	1
1926	72	3
1927	47	5
1928	47	1
1929	47	5
1929	72	5
1930	47	5
1931	47	0
1932	47	3
1933	47	0
1934	47	0
1935	47	0
1935	49	1
1936	48	2
1937	48	1
1938	48	1
1939	48	1
1940	48	1
1941	48	2
1941	80	1
1942	48	3
1943	48	1
1944	48	1
1945	48	1
1946	48	1.5
1946	106	5
1946	110	5
1946	112	5
1947	48	1
1948	48	2
1949	48	1
1950	48	1
1951	48	1
1952	48	1
1953	48	1
1954	48	1
1955	48	2
1956	48	1
1957	48	1
1958	48	1
1958	116	1
1959	48	1
1960	48	1
1961	48	2
1962	48	2
1963	48	1
1963	112	5
1964	48	1
1964	49	4.8
1964	56	0
1964	90	5
1964	92	1
1964	112	4
1965	48	1
1966	48	4
1967	48	1
1968	48	1
1969	48	2
1970	48	1
1971	48	1
1972	48	2
1973	48	1
1974	48	1
1975	48	1
1976	48	5
1977	48	1
1978	48	1
1979	48	1
1979	53	5
1980	48	2
1981	48	1
1982	48	1
1983	48	2
1984	48	1
1985	48	1
1985	112	5
1986	48	2
1987	48	1
1987	98	0
1988	48	1
1989	48	1
1990	48	2
1991	48	1
1992	48	3
1993	48	2
1993	63	5
1993	112	5
1994	48	3
1995	48	2
1996	48	1
1997	48	2
1998	48	4
1999	48	4
2000	48	4
2001	48	1
2002	48	1
2003	48	1
2004	48	1
2005	48	2
2006	48	1
2007	48	1
2008	48	1
2008	106	5
2009	48	1
2010	48	1
2010	106	5
2010	119	5
2011	48	3
2012	48	1
2013	48	1
2014	48	5
2015	48	1
2016	48	1
2017	48	2
2018	48	2
2019	48	1
2020	48	2
2021	48	5
2022	48	5
2023	48	3
2024	48	1
2024	116	1
2025	48	1
2025	106	3
2026	48	1
2027	48	2
2028	48	1
2029	48	1
2030	48	3
2031	48	3
2032	48	1
2033	48	2
2034	48	2
2035	48	2
2036	48	1
2037	48	2
2038	48	2
2039	48	5
2040	48	5
2041	48	5
2042	48	4
2043	48	5
2044	48	5
2044	90	5
2045	48	5
2046	48	4
2047	48	1
2048	48	5
2049	48	3
2050	48	4
2051	48	5
2052	48	5
2053	48	1
2053	76	5
2053	112	5
2054	48	3
2054	112	4
2055	48	1
2056	48	3
2057	48	1
2058	48	5
2058	95	5
2058	106	1
2059	49	1
2060	49	1
2061	49	1
2062	49	1
2063	49	4
2064	49	1
2065	49	1
2066	49	5
2067	49	4
2068	49	1
2069	49	1
2070	49	5
2070	99	5
2071	49	1
2072	49	1
2073	49	4
2074	49	4
2075	49	5
2076	49	5
2077	49	2
2078	49	2
2079	49	5
2080	49	1
2081	49	1
2082	49	1
2083	49	1
2084	49	3
2085	49	2
2085	110	1
2086	49	2
2087	49	4
2088	49	1
2088	99	1
2089	49	2.5
2089	116	1
2090	49	1
2091	49	3
2092	49	1
2093	49	1
2094	49	1
2095	49	1
2096	49	5
2097	49	1
2098	49	5
2099	49	1
2100	49	4
2100	75	0
2101	49	5
2102	49	1
2103	49	3
2104	49	1
2105	49	4
2106	49	1
2107	49	1
2108	49	1
2109	49	5
2110	49	3
2111	49	3
2112	49	3
2113	49	4
2113	57	2
2114	49	1
2115	49	2
2116	49	4
2117	49	5
2118	49	4
2119	49	2
2119	59	5
2120	49	2
2121	49	1
2122	49	2
2122	54	5
2122	95	5
2122	112	5
2123	49	2
2124	49	2
2125	49	2
2126	49	5
2127	49	2
2128	49	1
2129	49	2
2130	49	4
2130	119	2
2131	49	5
2132	49	5
2133	49	4
2134	49	4
2135	49	3
2136	49	5
2137	49	5
2138	49	2
2139	49	5
2140	49	1
2141	49	5
2142	49	3
2143	49	1
2144	49	4
2145	49	5
2146	49	5
2146	80	1
2146	112	5
2147	49	3
2147	59	4
2148	49	2
2149	49	1
2150	49	3
2151	49	4
2152	49	4
2153	49	5
2154	49	1
2155	49	4
2156	49	0.1
2157	49	1
2158	49	0.5
2159	49	2.5
2160	49	4
2161	49	4.9
2162	49	0
2162	106	1
2163	49	4.3
2164	49	4.8
2165	49	0.1
2166	49	4.8
2167	49	3.5
2168	49	4.1
2169	49	0.5
2170	49	4.5
2171	49	0.5
2171	112	5
2172	49	0
2173	49	5
2174	49	3.6
2175	49	0
2176	49	2.5
2177	49	1.3
2178	49	4.5
2179	49	4.5
2180	49	5
2181	49	1
2182	49	5
2183	49	4.8
2184	49	4.5
2185	49	4.4
2186	49	0
2187	49	5
2188	49	0.2
2189	49	3
2190	49	4.9
2190	106	3
2191	49	5
2192	49	2.5
2193	49	5
2193	76	5
2193	84	5
2193	106	2
2194	49	0
2194	106	5
2195	49	4.5
2196	49	4.8
2197	49	4.5
2198	49	5
2199	49	4.5
2200	49	4.5
2201	49	3.3
2202	49	3
2203	49	5
2204	49	4.9
2205	49	5
2206	49	4.3
2207	49	5
2208	49	4.8
2209	49	5
2210	49	5
2211	49	4
2212	49	4.4
2213	49	5
2214	49	4.6
2215	49	5
2216	49	5
2217	49	4
2218	50	4
2219	50	4
2220	50	4
2220	112	5
2221	51	0
2222	51	0
2223	52	5
2224	52	5
2225	52	1
2226	52	1
2227	52	5
2228	52	5
2229	52	1
2230	52	1
2231	52	1
2232	52	5
2233	52	1
2234	52	5
2235	52	1
2236	52	3
2237	52	5
2237	72	5
2238	52	5
2239	52	2
2240	52	5
2241	52	5
2242	52	2
2243	52	5
2244	52	1
2245	52	5
2246	52	1
2247	52	4
2248	52	5
2249	52	5
2249	72	1
2250	52	5
2251	52	1
2252	52	5
2253	52	5
2254	52	1
2255	52	5
2256	52	5
2257	52	1
2258	52	1
2258	63	2.5
2259	52	1
2260	52	5
2261	52	4
2262	52	5
2263	52	5
2264	52	5
2265	52	5
2266	52	5
2267	52	1
2267	72	5
2268	52	1
2269	52	5
2270	52	1
2271	52	5
2272	52	5
2273	52	5
2274	52	1
2275	52	1
2276	52	1
2277	52	5
2278	52	1
2279	52	5
2280	52	4
2281	52	1
2282	52	4
2283	52	5
2284	52	0
2285	52	3
2286	52	1
2287	52	5
2288	52	1
2289	52	1
2290	52	5
2291	52	1
2292	52	0
2293	52	5
2294	52	5
2294	63	5
2295	52	5
2296	52	5
2297	52	5
2298	52	5
2299	52	5
2300	52	5
2301	52	1
2301	68	1
2302	52	5
2303	52	5
2304	52	5
2305	52	5
2306	52	5
2307	52	5
2308	52	5
2309	52	5
2310	52	5
2310	72	0
2311	52	5
2312	52	5
2312	63	5
2312	72	3
2313	52	1
2314	52	5
2315	52	5
2316	52	3
2317	52	5
2318	52	5
2318	55	3
2319	52	5
2320	52	5
2321	52	0
2322	52	5
2323	52	5
2324	52	5
2325	52	5
2325	63	0
2326	52	5
2327	52	0
2328	52	0
2329	52	5
2330	52	2
2331	52	0
2332	52	5
2333	52	5
2334	52	5
2335	52	1
2336	52	5
2337	52	5
2338	52	5
2339	52	2
2340	52	5
2341	52	0
2342	52	3
2343	52	5
2344	52	0
2345	52	4
2346	52	5
2347	52	5
2348	52	5
2349	52	4
2350	52	5
2351	52	5
2352	52	0
2353	52	5
2354	52	5
2355	52	5
2356	52	4
2357	52	5
2358	52	1
2359	52	5
2360	53	5
2361	53	5
2362	53	5
2363	53	5
2364	53	5
2365	53	4.9
2366	53	5
2367	53	5
2368	53	5
2369	53	5
2370	53	5
2371	53	5
2372	53	5
2373	53	5
2374	53	5
2375	53	5
2376	53	5
2377	53	5
2378	53	5
2379	53	5
2380	53	4.9
2381	53	5
2382	53	5
2383	53	5
2384	53	4.9
2385	53	5
2386	53	5
2387	53	5
2388	53	5
2389	53	5
2390	53	5
2391	53	5
2392	53	4.9
2393	53	5
2394	53	5
2395	53	5
2396	53	5
2397	53	4.7
2398	53	5
2399	53	5
2400	53	4.3
2401	53	0
2402	53	4.9
2403	53	5
2404	53	5
2405	53	5
2406	53	5
2406	96	5
2406	110	4
2407	53	5
2408	53	5
2409	53	5
2409	58	4
2409	113	1
2409	122	0
2410	53	5
2411	53	5
2412	53	5
2413	53	5
2414	53	5
2415	53	5
2415	59	4
2415	96	1
2416	53	5
2417	53	5
2417	84	5
2418	53	5
2419	53	5
2420	53	5
2421	53	5
2422	53	5
2423	53	5
2423	59	5
2424	53	5
2425	53	5
2426	53	5
2427	53	5
2428	53	5
2429	53	5
2430	53	5
2431	53	5
2432	53	5
2433	53	5
2433	90	5
2434	53	5
2435	53	5
2436	53	5
2437	53	5
2438	53	5
2439	53	5
2440	53	5
2441	53	5
2441	66	5
2441	76	5
2441	112	5
2442	53	5
2442	63	5
2443	53	5
2444	53	5
2445	53	5
2446	53	5
2447	53	5
2448	53	5
2449	53	5
2450	53	5
2451	53	5
2452	53	5
2452	55	3
2452	63	2.5
2452	68	5
2453	53	5
2454	53	0
2455	53	1
2456	53	0
2457	53	5
2458	53	4
2459	53	2
2460	53	5
2461	53	5
2462	53	5
2463	53	3
2464	53	4
2465	53	5
2466	53	1
2467	53	3
2467	55	1
2468	53	2
2468	63	5
2468	118	5
2469	53	5
2470	53	4
2471	53	1
2471	63	0
2472	53	4
2473	53	5
2474	53	4
2475	53	5
2476	53	5
2477	53	5
2478	53	1
2479	53	1
2480	53	1
2481	53	1
2482	53	1
2483	53	5
2484	53	3
2485	53	5
2485	72	4
2486	53	1
2487	53	1
2488	53	5
2489	53	1
2490	53	5
2491	53	2
2492	53	5
2493	53	5
2494	53	2
2495	53	5
2496	53	3
2497	53	0
2498	53	2
2499	53	5
2500	53	4
2501	53	2
2502	53	5
2503	53	5
2504	54	1
2505	54	3
2506	54	5
2507	54	1
2508	54	1
2509	54	2
2510	54	1
2511	54	1
2512	54	1
2513	54	1
2513	96	1
2514	54	1
2515	54	1
2516	54	1
2517	54	1.5
2518	54	5
2519	54	1
2520	54	1
2521	54	1
2522	54	2
2523	54	1
2524	54	3.5
2525	54	1
2525	88	0
2525	90	3
2526	54	5
2527	54	5
2528	54	5
2529	54	5
2530	54	5
2531	54	5
2532	54	1
2533	54	1
2534	54	1
2535	54	1
2536	54	5
2537	54	5
2538	54	5
2539	54	1
2540	54	1
2540	112	5
2541	54	2
2542	54	4
2543	54	5
2544	54	4
2545	54	1
2546	54	5
2547	54	5
2548	54	5
2549	54	3
2549	71	4
2549	105	1
2550	54	1
2551	54	1
2552	54	5
2553	54	1
2554	54	3
2555	54	1
2556	54	3
2557	54	5
2558	54	1
2559	54	4
2560	54	3
2561	54	4
2562	54	5
2563	54	1
2564	54	5
2565	54	5
2566	54	5
2567	54	4
2568	54	5
2569	54	5
2570	54	4
2571	54	3
2572	54	4
2573	54	4
2574	54	4
2575	54	1
2576	54	4
2577	54	1
2578	54	2.5
2579	54	5
2580	54	5
2581	54	2
2582	54	5
2583	54	1
2584	54	3
2584	96	1
2585	54	5
2586	54	5
2587	55	1
2587	118	4
2588	55	1
2589	55	3
2590	55	4
2591	55	1
2592	55	1
2593	55	1
2594	55	2
2594	63	4
2595	55	1
2596	55	2
2597	55	1
2598	55	5
2599	55	5
2600	55	1
2601	55	5
2602	55	5
2603	55	4
2604	55	5
2605	55	3
2606	55	5
2607	55	1
2608	55	0
2609	55	1
2610	55	1
2611	55	2
2612	55	1
2613	55	3
2614	55	1
2615	55	2
2616	55	5
2617	55	1
2617	63	5
2618	55	1
2619	55	5
2620	55	1
2621	55	1
2622	55	0
2623	55	5
2624	55	5
2625	55	2
2626	55	2
2627	55	5
2628	55	5
2629	55	2
2630	55	2.5
2631	55	1
2632	55	3
2633	55	1
2634	55	5
2635	55	2
2636	55	5
2637	55	5
2638	55	0
2639	55	5
2640	55	3
2641	55	1
2642	55	1
2643	55	5
2644	55	3
2645	55	4
2646	55	5
2647	55	3
2648	55	4
2649	55	5
2650	55	1
2651	55	4
2652	55	2
2653	55	1
2653	63	3
2653	118	2
2654	55	5
2655	55	0
2656	55	1
2657	55	2
2657	72	1
2658	55	0
2659	55	5
2660	55	4
2661	55	4
2662	55	4
2662	68	2
2663	55	1
2664	55	1
2665	55	0
2666	55	2
2666	63	5
2666	72	4
2666	118	5
2667	55	2
2668	55	1
2669	55	3
2670	55	2
2670	72	0
2670	118	1
2671	55	5
2672	55	3
2673	55	2
2674	55	5
2675	55	5
2676	55	5
2677	55	1
2678	55	5
2679	55	1
2679	63	2.5
2679	118	3
2680	55	5
2681	55	1
2682	55	2
2683	55	1
2684	55	1
2685	55	2
2686	55	1
2687	55	0
2688	55	1
2689	55	1
2690	55	3
2691	55	2
2692	55	1
2693	55	0
2694	55	1
2695	55	1
2695	63	5
2696	55	2
2697	55	0
2698	55	3
2699	55	1
2700	55	3
2701	55	2
2701	63	5
2701	117	5
2702	55	5
2702	63	5
2702	68	3
2702	118	5
2703	55	2
2704	55	2
2705	55	5
2706	55	4
2707	55	2
2708	55	5
2708	68	5
2709	55	0
2710	55	1
2711	55	2
2712	55	1
2713	55	1
2714	55	5
2715	55	1
2716	55	3
2717	55	5
2718	55	1
2719	55	5
2720	55	1
2721	55	5
2722	55	3
2723	55	1
2724	55	1
2724	118	1
2725	55	4
2726	55	1
2727	55	5
2728	55	3
2729	55	1
2730	55	1
2731	55	4
2732	55	5
2733	55	1
2733	63	4
2733	72	5
2733	118	5
2734	55	3
2735	55	5
2736	55	4
2737	55	2
2737	63	1
2737	72	0
2737	117	0
2738	55	5
2739	55	5
2740	55	4
2741	55	5
2742	55	5
2743	55	5
2744	55	4
2744	63	0
2744	118	0
2745	55	1
2746	55	1
2747	55	5
2748	55	5
2749	55	0
2750	55	5
2751	56	0
2752	56	0
2753	56	0
2754	56	0
2755	57	1
2756	57	1
2757	57	4
2758	57	1
2759	57	1
2760	57	1
2761	57	1
2762	57	1
2763	57	1
2764	57	1
2765	57	1
2766	57	2
2767	57	1
2768	57	1
2768	71	5
2768	95	5
2768	106	5
2769	57	2
2770	57	1
2771	57	1
2772	57	1
2773	57	2
2773	95	5
2774	57	1
2774	75	0
2774	84	0
2775	57	1
2775	66	5
2776	57	5
2777	57	3
2777	90	5
2777	106	1
2778	57	2
2779	57	2
2780	57	1
2781	57	1
2782	57	1
2783	57	1
2784	57	1
2785	57	1
2786	57	1
2787	57	1
2788	57	1
2789	57	1
2790	57	1
2790	59	5
2791	57	4
2792	57	1
2793	57	1
2794	57	3
2795	57	1
2795	59	5
2796	58	4
2796	84	2.5
2797	58	4
2798	58	4
2799	58	0
2800	58	4
2800	66	5
2801	58	1
2802	58	0
2803	58	4
2804	58	4
2805	58	3
2806	58	4
2807	58	4
2808	58	5
2809	58	5
2810	58	4
2811	58	3
2812	58	4
2812	110	1
2813	58	0
2814	58	4
2815	58	5
2815	62	0
2815	84	0
2816	58	4
2816	62	0
2816	84	0
2817	58	2
2817	84	0
2817	100	0
2818	58	0
2819	58	0
2820	58	0
2821	58	0
2822	58	0
2823	58	0
2824	58	0
2825	58	0
2826	58	0
2827	59	5
2828	59	5
2829	59	5
2830	59	5
2831	59	5
2832	59	5
2833	59	5
2834	59	5
2835	59	5
2836	59	5
2837	59	5
2838	59	5
2839	59	5
2840	59	5
2841	59	5
2842	59	5
2843	59	5
2843	110	3
2844	59	5
2845	59	5
2845	122	1
2846	59	2
2847	59	5
2847	96	5
2848	59	1
2849	59	5
2850	59	4
2851	59	5
2851	66	5
2852	59	5
2853	59	5
2854	59	5
2855	59	5
2856	59	5
2857	59	5
2858	59	5
2859	59	5
2860	59	5
2861	59	5
2862	59	5
2863	59	5
2863	106	4
2864	59	5
2864	90	5
2865	59	5
2866	59	5
2867	59	5
2868	59	5
2869	59	4
2870	59	5
2871	59	5
2872	59	5
2873	59	5
2874	59	5
2875	59	5
2876	59	5
2877	59	5
2878	59	5
2879	59	5
2880	59	5
2881	59	5
2882	59	5
2883	59	5
2884	59	5
2885	59	5
2886	59	5
2887	59	5
2888	59	5
2889	59	4
2890	60	0
2891	60	0
2892	60	0
2893	60	0
2894	60	0
2895	60	0
2896	60	0
2897	60	0
2898	60	0
2899	60	0
2900	60	0
2901	61	0
2902	61	0
2903	61	0
2904	62	4
2904	71	5
2905	62	4
2906	62	5
2907	62	0
2908	62	0
2908	63	5
2908	84	5
2909	62	0
2910	62	0
2910	84	0
2911	62	0
2912	62	0
2913	63	0
2914	63	0
2915	63	0
2916	63	0
2917	63	0
2918	63	0
2919	63	0
2920	63	0
2921	63	0
2922	63	5
2923	63	5
2924	63	5
2925	63	5
2926	63	5
2927	63	5
2928	63	5
2929	63	5
2930	63	5
2931	63	5
2932	63	5
2933	63	5
2934	63	5
2935	63	5
2936	63	5
2937	63	5
2938	63	5
2939	63	5
2940	63	4.5
2941	63	5
2942	63	5
2943	63	5
2944	63	5
2945	63	5
2946	63	5
2947	63	5
2948	63	5
2949	63	5
2950	63	5
2951	63	5
2952	63	5
2953	63	4.9
2954	63	5
2955	63	4.5
2956	63	5
2957	63	5
2958	63	5
2959	63	5
2960	63	5
2960	122	5
2961	63	5
2962	63	5
2963	63	5
2964	63	5
2965	63	4.5
2966	63	5
2966	96	5
2967	63	5
2968	63	5
2969	63	5
2970	63	5
2971	63	5
2972	63	5
2973	63	5
2974	63	5
2975	63	5
2976	63	5
2977	63	5
2978	63	5
2979	63	5
2980	63	5
2981	63	5
2982	63	5
2983	63	5
2984	63	5
2985	63	5
2986	63	5
2987	63	5
2988	63	5
2989	63	5
2990	63	5
2991	63	5
2992	63	5
2993	63	5
2994	63	5
2995	63	5
2996	63	5
2997	63	5
2998	63	5
2999	63	5
3000	63	5
3001	63	5
3002	63	0
3003	63	5
3004	63	5
3005	63	5
3006	63	5
3007	63	5
3008	63	5
3009	63	0
3010	63	5
3011	63	4
3012	63	4
3013	63	5
3014	63	0
3015	63	0
3016	63	5
3017	63	0
3018	63	5
3018	68	0
3018	72	3
3019	63	5
3020	63	5
3021	63	5
3022	63	0.5
3023	63	5
3024	63	5
3025	63	5
3025	72	5
3026	63	5
3027	63	4
3028	63	3.333333333
3029	63	0
3030	63	5
3031	63	5
3032	63	5
3033	63	5
3034	63	0
3035	63	5
3036	63	5
3037	63	5
3038	63	5
3038	117	0
3039	63	0
3040	63	5
3041	63	5
3042	63	5
3043	63	0
3044	63	5
3045	63	5
3046	63	5
3047	63	0
3048	63	1
3049	63	5
3050	63	5
3051	63	5
3052	63	5
3053	63	4
3054	63	0
3055	63	3.5
3056	63	5
3057	63	5
3058	63	5
3058	72	5
3059	63	5
3060	63	5
3061	63	4
3062	63	3
3063	63	5
3064	63	5
3065	63	5
3066	63	5
3067	63	5
3068	63	5
3069	63	4
3070	63	5
3071	63	5
3071	72	1
3071	118	5
3072	63	2
3072	68	5
3073	63	0
3074	63	5
3075	63	5
3076	63	5
3077	63	5
3078	63	5
3079	63	1
3080	63	1
3081	63	1
3081	118	5
3082	63	5
3083	63	1
3084	63	1
3085	63	5
3086	63	1
3087	63	4
3087	68	1
3088	63	5
3089	63	5
3090	63	0
3091	63	5
3092	63	5
3093	63	5
3093	72	3
3094	63	4
3095	63	5
3096	63	0
3097	63	5
3098	63	5
3099	63	5
3100	63	3
3101	63	5
3102	63	0
3103	63	1
3104	63	5
3105	63	5
3106	63	5
3107	63	5
3108	63	0
3109	63	1
3110	63	4
3111	63	5
3112	63	5
3113	63	5
3114	63	5
3115	63	5
3116	63	5
3117	63	4
3118	63	5
3119	63	5
3120	63	5
3121	63	0
3122	63	5
3123	63	5
3124	63	5
3125	63	5
3126	63	4
3127	63	5
3128	63	5
3129	63	5
3130	63	5
3131	63	4
3132	63	5
3133	63	5
3134	63	5
3135	63	5
3136	63	5
3137	63	4
3138	63	4
3139	63	5
3140	63	5
3141	63	5
3142	63	5
3143	63	5
3144	63	5
3145	63	5
3146	63	5
3147	63	5
3148	63	5
3149	63	0
3150	63	4
3151	63	0
3152	63	5
3153	63	5
3154	63	5
3155	63	0
3156	63	5
3157	63	4
3158	63	5
3159	63	4
3160	63	5
3161	63	5
3162	63	0
3163	63	5
3164	63	5
3165	63	4
3166	63	3.5
3167	63	5
3167	68	1
3167	118	4
3168	63	5
3169	63	5
3170	63	5
3170	72	2
3171	63	5
3172	63	4
3173	63	4.5
3174	63	5
3175	63	5
3176	63	5
3177	63	5
3178	63	5
3179	63	5
3180	63	5
3181	63	5
3182	63	5
3183	63	0
3184	63	5
3185	63	5
3186	63	5
3187	63	5
3188	63	5
3189	63	4
3190	63	5
3191	63	5
3192	63	5
3193	63	5
3194	63	5
3195	63	0
3196	63	0
3197	63	0
3197	72	4.5
3198	63	0
3199	63	5
3200	63	5
3201	63	0
3202	63	1
3203	63	5
3204	63	5
3205	63	0
3206	63	0
3207	63	5
3208	63	4
3209	63	4
3210	63	5
3210	117	5
3210	118	5
3211	63	0
3212	63	5
3213	63	5
3214	63	3
3215	63	5
3216	63	5
3217	63	5
3218	63	5
3219	63	5
3220	63	0
3221	63	0
3222	63	4
3223	63	5
3224	63	5
3225	63	0
3226	63	5
3227	63	5
3227	72	2
3227	118	0
3228	63	1
3229	63	0
3230	63	5
3231	63	5
3232	63	5
3233	63	4
3234	63	5
3235	63	4
3236	63	5
3237	63	5
3238	63	5
3239	63	5
3240	63	3
3241	63	5
3242	63	4
3243	63	5
3244	63	5
3245	63	5
3246	63	5
3247	63	5
3248	63	5
3249	63	5
3250	63	5
3251	63	0
3252	63	4
3253	63	5
3254	63	5
3255	63	5
3256	63	0
3257	63	5
3258	63	5
3259	63	5
3260	63	5
3261	63	5
3262	63	1
3263	63	5
3264	63	5
3265	63	5
3266	63	4
3267	63	5
3268	63	5
3269	63	5
3270	63	5
3271	63	5
3272	63	5
3273	63	5
3274	63	1
3275	63	5
3276	63	5
3277	63	5
3278	63	5
3279	63	5
3280	63	5
3281	63	5
3282	63	5
3283	63	5
3284	63	0
3285	63	5
3286	63	4
3287	63	5
3288	63	5
3289	63	5
3290	63	5
3291	63	0
3291	118	5
3292	63	5
3293	63	5
3294	63	4
3295	63	0
3296	63	5
3297	63	5
3298	63	5
3299	63	5
3300	63	5
3301	63	5
3302	63	5
3303	63	5
3304	63	5
3305	63	2
3305	72	0
3306	63	5
3307	63	5
3308	63	5
3309	63	1
3310	63	4
3311	63	0
3312	63	5
3313	63	4
3314	63	5
3315	63	5
3316	63	5
3317	63	0
3318	63	5
3319	63	5
3320	63	5
3321	63	5
3322	63	0
3323	63	5
3324	63	5
3325	63	5
3326	63	5
3327	63	0
3328	63	5
3329	63	5
3330	63	5
3331	63	0
3332	63	5
3333	63	5
3334	63	4
3335	63	5
3336	63	5
3337	63	5
3338	63	4
3339	63	2
3340	63	5
3341	63	5
3342	63	5
3343	63	5
3344	63	5
3345	63	5
3346	63	5
3347	63	5
3348	63	5
3349	63	5
3350	63	5
3351	63	5
3352	63	5
3353	63	5
3354	63	5
3355	63	1
3356	63	5
3357	63	5
3358	63	5
3359	63	5
3360	63	0
3361	63	5
3362	63	0
3363	63	5
3364	63	0
3365	63	5
3366	63	5
3367	63	5
3368	63	0
3369	63	0
3370	63	4
3371	63	5
3372	63	5
3373	63	0
3374	63	5
3375	63	5
3376	63	5
3377	63	5
3378	63	5
3379	63	5
3380	63	5
3381	63	5
3382	63	5
3383	63	0
3384	63	5
3385	63	5
3386	63	5
3387	63	5
3388	63	5
3389	63	5
3390	63	4
3391	63	0
3392	63	5
3393	63	5
3394	63	5
3395	63	1
3396	63	5
3397	63	5
3398	63	5
3399	63	4
3400	63	5
3401	63	0
3402	63	2
3403	63	5
3404	63	5
3405	63	0
3406	63	5
3407	63	5
3408	63	5
3409	63	5
3410	63	0
3411	63	5
3412	63	5
3413	63	5
3414	63	5
3415	63	5
3416	63	5
3417	63	0
3418	63	5
3419	63	5
3420	63	5
3421	63	5
3422	63	5
3423	63	5
3424	63	5
3425	63	0
3426	63	0
3427	63	1
3428	63	5
3429	63	5
3430	63	5
3431	63	5
3432	63	5
3433	63	5
3434	63	5
3435	63	5
3436	63	5
3437	63	0
3438	63	5
3439	63	5
3440	63	5
3441	63	5
3442	63	5
3443	63	5
3444	63	5
3445	63	5
3446	63	0
3447	63	5
3448	63	5
3449	63	5
3450	63	5
3451	63	5
3452	63	1
3453	63	0
3454	63	1
3454	72	4
3455	63	5
3456	63	5
3457	63	5
3458	63	5
3458	72	1
3459	63	5
3460	63	5
3461	63	5
3462	63	5
3463	63	5
3464	63	0
3465	63	5
3466	63	5
3467	63	4
3468	63	4
3469	63	5
3470	63	5
3471	63	5
3472	63	5
3473	63	1
3474	63	1
3475	63	5
3476	63	5
3477	63	5
3478	63	5
3479	63	0
3480	63	5
3481	63	5
3482	63	5
3483	63	5
3484	63	5
3485	63	5
3486	63	4
3487	63	5
3488	63	5
3489	63	5
3490	63	1
3491	63	5
3492	63	5
3493	63	5
3494	63	5
3495	63	5
3496	63	5
3497	63	5
3498	63	5
3499	63	5
3500	63	5
3501	63	5
3502	63	5
3503	63	5
3504	63	5
3505	63	4
3506	63	5
3507	63	2
3508	63	5
3509	63	4
3510	63	5
3511	63	5
3512	63	5
3513	63	5
3514	63	5
3515	63	3
3516	63	4
3517	63	1
3518	63	0
3519	63	5
3520	63	5
3521	63	5
3522	63	0
3523	63	3
3524	63	5
3525	63	1
3526	63	5
3527	63	5
3528	63	1
3529	63	5
3530	63	5
3531	63	5
3532	63	5
3533	63	4
3534	63	5
3535	63	5
3536	63	5
3537	63	5
3538	63	5
3539	63	5
3540	63	5
3541	63	0
3542	63	5
3543	63	4
3544	63	5
3545	63	0
3546	63	5
3547	63	5
3548	63	5
3548	72	0
3548	118	5
3549	63	5
3550	63	0
3551	63	0
3552	63	0
3553	63	5
3554	63	0
3555	63	5
3556	63	0
3557	63	5
3558	63	0
3559	63	5
3560	63	5
3561	63	0
3562	63	5
3563	63	0
3564	63	0
3565	63	5
3566	63	5
3567	63	5
3568	63	0
3569	63	5
3569	118	3
3570	63	5
3571	63	5
3572	63	5
3573	63	5
3574	63	0
3575	63	5
3576	63	5
3577	63	5
3578	63	5
3578	72	1
3579	63	1
3580	63	1
3580	68	2
3580	118	4
3581	63	4
3582	63	5
3583	63	5
3584	63	5
3585	63	5
3585	117	5
3586	63	5
3587	63	5
3588	63	5
3589	63	5
3590	63	5
3591	63	5
3592	63	3
3593	63	0
3594	63	0
3595	63	4
3596	63	5
3597	63	5
3598	63	0
3599	63	0
3600	63	0
3601	63	5
3602	63	5
3603	63	5
3604	63	4
3604	72	1
3605	63	0
3606	63	5
3607	63	5
3608	63	0
3609	63	5
3610	63	5
3611	63	0
3612	63	4
3613	63	0
3614	63	5
3615	63	5
3615	118	4
3616	63	5
3617	63	0
3618	63	3
3619	63	5
3620	63	1
3621	63	3
3622	63	5
3623	63	5
3624	63	1
3625	63	5
3625	72	5
3626	63	5
3627	63	5
3628	63	5
3629	63	5
3630	63	5
3631	63	0
3632	63	5
3633	64	0
3634	64	0
3635	64	0
3636	65	0
3637	65	0
3638	66	5
3639	66	5
3640	66	5
3641	66	5
3642	66	5
3643	66	5
3644	66	5
3645	66	1
3646	66	2
3646	112	2
3647	66	5
3648	66	5
3649	66	5
3650	66	5
3651	66	5
3652	66	5
3653	66	5
3654	66	5
3654	96	4
3655	66	5
3656	66	5
3656	112	5
3657	66	5
3658	66	5
3659	66	5
3659	116	5
3660	66	5
3661	66	5
3661	84	4
3662	66	5
3663	66	5
3664	66	5
3664	110	1
3664	116	2
3665	66	5
3666	66	5
3666	112	1
3667	66	5
3668	66	5
3668	96	3
3669	66	5
3670	66	3
3671	66	5
3672	66	5
3673	66	5
3674	66	5
3675	66	5
3676	66	5
3677	66	5
3678	66	5
3679	66	5
3680	66	5
3681	66	5
3681	71	4
3681	96	1
3682	66	5
3683	67	0
3684	67	0
3685	67	0
3686	68	1
3687	68	3
3688	68	5
3689	68	4
3690	68	1
3691	68	5
3692	68	3
3693	68	1
3694	68	0
3695	68	0
3696	68	4
3697	68	1
3698	68	2
3698	72	5
3699	68	5
3700	68	1
3701	68	3
3702	68	0
3703	68	1
3704	68	0
3705	68	4
3706	68	3
3707	68	1
3708	68	5
3709	68	1
3710	68	1
3711	68	5
3712	68	0
3713	68	1
3714	68	0
3715	68	1
3716	68	3
3716	118	0
3717	68	1
3718	68	1
3719	68	1
3720	68	1
3721	68	1
3722	68	4
3723	68	2
3724	68	4
3724	72	1
3725	68	0
3726	68	1
3727	68	2
3728	68	5
3729	68	4
3730	68	1
3731	68	0
3732	68	1
3733	68	1
3734	68	5
3735	68	2
3736	68	1
3737	68	1
3738	68	2
3739	68	0
3740	68	3
3741	68	4
3742	68	3
3743	68	4
3744	68	0
3745	68	1
3746	68	3
3747	68	1
3748	68	2
3749	68	1
3750	68	5
3751	68	5
3752	68	3
3753	68	1
3754	68	5
3755	68	1
3756	68	1
3757	68	5
3758	68	3
3759	68	5
3760	68	1
3761	68	1
3762	68	5
3763	68	4
3764	68	4
3765	68	5
3766	68	5
3767	68	5
3768	68	1
3769	68	5
3770	68	5
3771	68	5
3772	68	5
3773	68	4
3774	68	2
3774	117	5
3775	68	5
3776	68	5
3777	68	5
3778	68	5
3779	68	1
3780	68	5
3781	68	5
3782	68	5
3783	68	5
3784	68	5
3785	68	5
3786	68	4
3787	68	5
3788	68	5
3789	68	5
3790	68	0
3791	68	5
3792	68	1
3793	68	3
3794	68	1
3795	68	1
3796	68	4
3797	68	5
3798	68	2
3799	68	0
3800	68	4
3801	68	5
3802	68	5
3803	68	1
3804	68	1
3805	68	4
3806	68	1
3807	68	1
3808	68	2
3809	68	5
3810	68	5
3811	68	2
3812	68	5
3813	68	3
3814	68	5
3815	68	5
3816	68	5
3817	68	4
3818	68	4
3819	68	5
3820	68	5
3821	68	4
3822	68	1
3823	68	5
3824	68	5
3825	68	4
3826	68	5
3827	68	5
3828	68	5
3829	68	5
3830	68	4
3831	68	5
3832	68	4
3833	68	0
3834	68	5
3835	68	5
3836	68	4
3837	68	5
3838	68	5
3839	68	5
3840	68	5
3841	68	5
3842	68	5
3843	68	5
3844	68	5
3845	68	4
3846	68	5
3847	68	5
3848	68	5
3849	68	5
3850	68	5
3851	68	4
3852	68	5
3853	68	0
3853	118	5
3854	68	5
3855	68	5
3856	68	4
3857	68	5
3858	68	5
3859	68	5
3860	68	5
3861	68	5
3862	68	5
3863	68	4
3864	68	5
3865	68	5
3866	68	5
3867	68	5
3868	68	5
3869	68	4
3870	68	5
3871	68	3
3872	68	4
3873	68	5
3874	68	5
3875	68	5
3876	68	5
3877	68	5
3878	68	4
3879	68	5
3880	68	5
3881	68	4
3882	68	5
3883	68	5
3884	68	4
3885	68	5
3886	68	5
3887	68	5
3888	68	4
3889	68	5
3890	68	5
3891	68	5
3892	68	4
3893	68	5
3894	68	5
3895	68	4
3896	68	4
3897	68	5
3898	68	4
3899	68	5
3900	68	4
3901	68	2
3902	68	5
3903	68	5
3904	68	4
3905	68	5
3906	68	4
3907	68	5
3908	68	4
3909	68	4
3910	68	5
3911	68	5
3912	68	4
3913	68	5
3914	68	5
3915	68	5
3916	68	5
3917	68	5
3918	68	5
3919	68	5
3920	68	5
3921	68	5
3922	68	5
3923	68	5
3924	68	5
3925	68	5
3926	68	5
3927	68	5
3928	68	4
3929	68	5
3930	68	5
3931	68	5
3932	68	5
3933	68	5
3934	68	5
3935	68	0
3936	68	5
3937	68	5
3938	68	4
3939	68	5
3940	68	5
3941	68	4
3942	68	4
3943	68	4
3944	68	5
3945	68	5
3946	68	2
3947	68	5
3948	68	5
3949	68	5
3950	68	4
3951	68	5
3952	68	5
3953	68	5
3954	68	4
3955	68	5
3956	68	5
3957	68	5
3958	68	5
3959	68	4
3960	68	0
3961	68	2
3962	68	5
3963	68	1
3964	68	3
3965	68	4
3966	68	1
3967	68	5
3968	68	1
3969	68	5
3970	68	1
3971	68	5
3972	68	5
3973	68	4
3974	68	4
3975	68	5
3976	68	5
3977	68	2.5
3978	68	3
3979	68	3
3980	68	1
3981	68	5
3982	68	1
3983	68	1
3984	68	1
3985	68	4
3986	68	4
3987	68	2
3988	68	5
3989	68	3
3989	72	3
3990	68	5
3991	68	5
3992	68	1
3993	68	5
3994	68	1
3995	68	4
3996	68	5
3997	68	5
3998	68	5
3999	68	5
4000	68	5
4001	68	2
4002	68	5
4003	68	5
4004	68	5
4005	68	5
4006	68	5
4007	68	0
4008	68	5
4009	68	5
4010	68	5
4011	68	0
4012	68	1
4013	68	4
4014	68	4
4015	68	5
4016	68	5
4017	68	5
4018	68	5
4019	68	5
4020	68	5
4021	68	1
4022	68	3
4023	68	5
4024	68	5
4025	68	5
4026	68	5
4027	68	0
4028	68	5
4029	68	5
4030	68	5
4031	68	5
4032	68	5
4033	68	5
4034	68	4
4035	68	5
4036	68	5
4037	68	5
4038	68	3
4039	68	5
4040	68	5
4041	68	5
4042	68	5
4043	68	5
4044	68	5
4045	68	5
4046	68	5
4047	68	5
4048	68	0
4049	68	5
4050	68	5
4051	68	5
4052	68	5
4053	68	5
4054	68	5
4055	68	0
4056	68	5
4057	68	5
4058	68	5
4059	68	5
4059	72	2.5
4060	68	0
4061	68	5
4062	68	5
4063	68	0
4064	68	5
4065	68	5
4066	68	5
4067	68	1
4068	68	5
4068	72	5
4068	118	0
4069	68	5
4070	68	5
4070	72	5
4071	68	5
4071	118	3
4072	68	5
4073	68	5
4073	72	5
4074	68	3
4075	68	0
4076	68	5
4077	68	4
4078	68	5
4079	68	5
4080	69	0
4081	69	0
4082	70	0
4083	70	0
4084	70	0
4085	71	5
4086	71	5
4087	71	3
4088	71	5
4089	71	5
4090	71	5
4091	71	5
4092	71	5
4093	71	5
4094	71	5
4095	71	5
4096	71	5
4097	71	5
4098	71	5
4099	71	5
4100	71	5
4101	71	5
4102	71	2
4103	71	4
4104	71	4
4105	71	2
4106	71	4
4107	71	4
4108	71	5
4109	71	5
4110	71	4
4111	71	5
4112	71	3
4113	71	1
4114	71	4
4115	71	5
4116	71	4
4117	71	5
4118	71	4
4119	71	5
4120	71	3
4121	71	5
4122	71	5
4123	71	5
4124	71	4
4125	71	5
4126	71	5
4127	71	5
4127	90	5
4127	92	1
4128	71	5
4129	71	2
4130	71	4
4131	71	4
4132	71	5
4133	71	5
4134	71	5
4135	71	5
4136	71	4
4137	71	4
4138	71	5
4139	71	0
4140	71	0
4141	71	0
4142	71	0
4143	71	0
4144	71	0
4145	71	0
4146	71	0
4147	71	0
4148	71	0
4149	71	0
4150	71	0
4151	71	0
4152	71	0
4153	72	0
4154	72	1.5
4155	72	2
4156	72	1
4157	72	1
4158	72	1
4159	72	3
4160	72	1
4161	72	1
4162	72	2
4162	117	5
4163	72	2
4164	72	3
4165	72	3
4166	72	5
4167	72	2
4168	72	1
4169	72	1
4170	72	1
4171	72	1
4172	72	1
4173	72	1
4174	72	1
4175	72	1
4176	72	1
4177	72	2
4178	72	1
4179	72	3
4180	72	1
4181	72	1
4182	72	2
4183	72	1
4184	72	1
4185	72	0
4186	72	1
4187	72	3
4188	72	1
4189	72	1
4190	72	2
4191	72	1
4192	72	3
4192	118	1
4193	72	1
4194	72	1
4195	72	4
4196	72	1
4197	72	4
4198	72	1
4199	72	1
4200	72	2
4201	72	1
4202	72	2
4203	72	3
4204	72	1
4205	72	0
4206	72	1
4207	72	1
4208	72	1
4209	72	1
4210	72	0
4211	72	1
4212	72	1
4213	72	4
4214	72	4
4215	72	2.5
4216	72	1
4217	72	4
4218	72	2
4219	72	3
4220	72	1
4220	118	5
4221	72	4
4222	72	1
4223	72	2
4224	72	1
4225	72	4
4226	72	1
4227	72	1
4228	72	1
4229	72	1
4230	72	1
4231	72	1
4232	72	2
4233	72	4
4234	72	1
4235	72	1
4236	72	2
4237	72	1
4238	72	1
4239	72	3
4240	72	1
4241	72	1
4242	72	1
4243	72	0
4244	72	1
4245	72	1
4246	72	2
4247	72	1
4248	72	2
4248	118	1
4249	72	0
4250	72	1
4251	72	5
4252	72	2
4253	72	5
4254	72	2
4254	118	1
4255	72	5
4256	72	3
4257	72	4
4258	72	3
4259	72	2
4260	72	0
4261	72	1
4262	72	1
4263	72	1
4264	72	4
4265	72	1
4266	72	3
4267	72	1
4268	72	1
4269	72	0
4270	72	1
4271	72	5
4272	72	5
4273	72	1
4274	72	1
4275	72	4
4276	72	0
4277	72	4
4278	72	1
4279	72	1
4280	72	5
4281	72	5
4282	72	5
4283	72	5
4284	72	1
4285	72	5
4286	72	4
4287	72	0
4288	72	5
4289	72	3
4290	72	5
4291	72	2
4292	72	0
4293	72	1
4294	72	5
4295	72	1
4296	72	1
4297	72	1
4298	72	3
4299	72	2
4300	72	5
4301	72	0
4302	72	0
4303	72	3
4304	72	5
4305	72	0
4306	72	5
4307	72	1
4308	72	5
4309	72	0
4310	72	5
4311	72	5
4312	72	5
4313	72	0.333333333
4314	72	2
4315	72	4
4316	72	5
4317	72	0
4318	72	5
4319	72	5
4320	72	1
4321	72	2
4322	72	5
4323	72	5
4324	72	1
4325	72	1
4326	72	1
4327	72	5
4328	72	3
4329	72	5
4330	72	5
4331	72	1
4332	72	5
4333	72	5
4334	72	3
4335	72	5
4336	72	5
4337	72	5
4338	72	4
4339	72	5
4340	72	0
4341	72	1
4342	72	3
4343	72	0
4344	72	1
4345	72	5
4346	72	5
4347	72	1
4348	72	1
4349	72	5
4350	72	1
4351	72	1
4352	72	0
4353	72	0
4354	72	1
4355	72	5
4356	72	5
4357	72	5
4358	72	1
4359	72	5
4360	72	5
4361	72	5
4362	72	5
4363	72	0
4364	72	5
4365	72	5
4366	72	5
4367	72	4
4368	72	0
4369	72	0
4370	72	0
4371	72	4
4372	72	2
4373	72	5
4374	72	5
4375	72	5
4376	72	4
4377	72	0
4378	72	5
4379	72	4
4380	72	5
4381	72	5
4382	72	5
4383	72	3
4384	72	5
4385	72	4
4386	72	5
4387	72	5
4388	72	5
4389	72	5
4390	72	5
4391	72	5
4392	72	4
4393	72	1
4394	72	3
4395	72	4
4396	72	5
4397	72	5
4398	72	5
4399	72	5
4400	72	4
4401	72	3
4402	72	4
4403	72	4
4404	72	2
4405	72	5
4406	72	5
4407	72	3
4408	72	5
4409	72	5
4410	72	5
4411	72	5
4412	72	5
4413	72	1
4414	72	0
4415	72	3
4416	72	5
4417	72	0
4418	72	4
4419	72	5
4420	72	1
4421	72	3
4422	72	5
4423	72	5
4424	72	5
4425	72	5
4426	72	0
4427	72	5
4428	72	5
4429	72	3
4430	72	5
4431	72	5
4432	72	5
4433	72	5
4434	72	3
4435	72	0
4436	72	0
4437	72	5
4438	72	4
4439	72	5
4440	72	5
4441	72	5
4442	72	5
4443	72	5
4444	72	4
4445	72	5
4446	72	5
4447	72	0
4448	72	3
4449	72	0
4450	72	1
4451	72	5
4452	72	5
4453	72	0
4454	72	5
4455	72	5
4456	72	5
4457	72	5
4458	72	5
4459	72	5
4460	72	5
4461	72	5
4462	72	5
4463	72	5
4464	72	5
4465	72	0
4466	72	5
4467	72	5
4468	72	5
4469	72	5
4470	72	5
4471	72	5
4472	72	0
4473	72	0
4474	72	5
4475	72	5
4476	72	0
4477	72	5
4478	72	4
4479	72	4
4480	72	5
4481	72	5
4482	72	3
4483	72	2
4484	72	1
4485	72	5
4486	72	5
4487	72	5
4488	72	5
4489	72	5
4490	72	4
4491	72	5
4492	72	4
4493	72	5
4494	72	3
4495	72	4
4496	72	5
4497	72	5
4498	72	0
4499	72	5
4500	72	0
4501	72	5
4502	72	5
4503	72	4
4504	72	5
4505	72	5
4506	72	3
4507	72	5
4508	72	5
4509	72	5
4510	72	5
4511	72	5
4512	72	5
4513	72	0
4514	72	5
4515	72	5
4516	72	5
4517	72	3
4518	72	4
4519	72	5
4520	72	5
4521	72	5
4522	72	1
4523	72	5
4524	72	5
4525	72	0
4526	72	5
4527	72	5
4528	72	5
4529	72	5
4530	72	5
4531	72	5
4532	72	5
4533	72	5
4534	72	5
4535	72	5
4536	72	5
4537	72	5
4538	72	5
4539	72	4
4540	72	5
4541	72	3
4542	72	5
4543	72	5
4544	72	4
4545	72	5
4546	72	1
4547	72	5
4548	72	1
4549	72	0
4550	72	5
4551	72	5
4552	72	5
4553	72	1
4554	72	1
4555	72	1
4556	72	3
4557	72	3
4558	72	5
4559	72	4
4560	72	5
4561	72	5
4562	72	5
4563	72	5
4564	72	3
4565	72	5
4566	72	5
4567	72	1
4568	72	5
4569	72	5
4570	72	5
4571	72	5
4572	72	3
4573	72	1
4574	72	5
4575	72	5
4576	72	5
4577	72	4
4578	72	5
4579	72	5
4580	72	5
4581	72	1
4582	72	0
4583	72	5
4584	72	1
4585	72	5
4586	72	5
4587	72	5
4588	72	5
4589	72	0
4590	72	1
4591	72	0
4592	72	1.5
4593	72	1
4594	72	5
4595	72	5
4596	72	5
4597	72	5
4598	72	4
4599	72	5
4600	72	1
4601	72	5
4602	72	5
4603	72	5
4604	72	3
4605	72	5
4606	72	5
4607	72	0
4608	72	5
4609	72	5
4610	72	5
4611	72	5
4612	72	5
4613	72	5
4614	72	5
4615	72	5
4616	72	0
4617	72	1
4618	72	5
4619	72	4
4620	72	4
4621	72	5
4622	72	5
4623	72	3
4624	72	4
4625	72	5
4626	72	5
4627	72	5
4628	72	5
4629	72	5
4630	72	5
4631	72	5
4632	72	4
4633	72	5
4634	72	5
4635	72	5
4636	72	5
4637	72	5
4638	72	4
4639	72	1
4640	72	1
4641	72	5
4642	72	5
4643	72	5
4644	72	5
4645	72	5
4646	72	5
4647	72	5
4648	72	5
4649	72	5
4650	72	5
4651	72	5
4652	72	5
4653	72	5
4654	72	5
4655	72	5
4656	72	5
4657	72	5
4658	72	5
4659	72	5
4660	72	5
4661	72	1
4662	72	5
4663	72	5
4664	72	5
4665	72	5
4666	72	5
4667	72	5
4668	72	5
4669	72	5
4670	72	1
4671	72	5
4672	72	2
4673	72	1
4674	72	5
4675	72	5
4676	72	5
4677	72	4
4678	72	0
4679	72	5
4680	72	5
4681	72	5
4682	72	5
4683	72	3
4684	72	5
4685	72	5
4686	72	1
4687	72	5
4688	72	5
4689	72	5
4690	72	5
4691	72	5
4692	72	5
4693	72	5
4694	72	5
4695	72	5
4696	72	5
4697	72	5
4698	72	5
4699	72	5
4700	72	5
4701	72	5
4702	72	5
4703	72	5
4704	72	1
4705	72	0
4706	72	5
4707	72	5
4708	72	5
4709	72	5
4710	72	5
4711	72	5
4712	72	5
4713	72	5
4714	72	0
4715	72	5
4716	72	5
4717	72	1
4718	72	5
4719	72	5
4720	72	4
4721	72	5
4722	72	5
4723	72	5
4724	72	1
4725	72	5
4726	72	5
4727	72	5
4728	72	5
4729	72	5
4730	72	1
4731	72	1
4732	72	1
4733	72	5
4734	72	1
4735	72	5
4736	72	5
4737	72	5
4738	72	0
4739	72	5
4740	72	5
4741	72	5
4742	72	5
4743	72	4
4744	72	5
4745	72	5
4746	72	5
4747	72	1
4748	72	5
4749	72	5
4750	72	5
4751	72	4
4752	72	5
4753	72	5
4754	72	0
4755	72	5
4756	72	5
4757	72	1
4758	72	1
4759	72	5
4760	72	5
4761	72	5
4762	72	0
4763	72	0
4764	72	5
4765	72	5
4766	72	5
4767	72	1
4768	72	5
4769	72	5
4770	72	1
4771	72	2
4772	72	1
4773	72	4
4774	72	5
4775	72	1
4776	72	5
4777	72	5
4778	72	5
4779	72	4
4780	72	5
4781	72	5
4782	72	5
4783	72	5
4784	72	1
4785	72	0
4786	72	5
4787	72	1
4788	72	0
4789	72	5
4790	72	5
4791	72	5
4792	72	4
4793	72	5
4794	72	5
4795	72	5
4796	72	5
4797	72	5
4798	72	5
4799	72	5
4800	72	5
4801	72	5
4802	72	5
4803	72	5
4804	72	5
4805	72	5
4806	72	2
4807	72	5
4808	72	5
4809	72	5
4810	72	5
4811	72	1
4812	72	1
4813	72	5
4814	72	5
4815	72	5
4816	72	1
4817	72	5
4818	72	5
4819	72	5
4820	72	2
4821	72	1
4822	72	5
4823	72	5
4824	72	5
4825	72	0
4826	72	1
4827	72	5
4828	72	5
4829	72	3
4830	72	5
4831	72	5
4832	72	5
4833	72	5
4834	72	5
4835	72	5
4836	72	5
4837	72	5
4838	72	5
4839	72	5
4840	72	1
4841	72	5
4842	72	5
4843	72	1
4844	72	1
4845	72	1
4846	72	5
4847	72	5
4848	72	5
4849	72	5
4850	72	5
4851	72	5
4852	72	1
4853	72	1
4854	72	2
4855	72	5
4856	72	4
4857	72	4
4858	72	0
4859	72	5
4860	72	5
4861	72	0
4862	72	4
4862	118	5
4863	72	5
4864	72	2
4865	72	5
4866	72	1
4867	72	1
4868	72	1
4869	72	5
4870	72	5
4871	72	5
4872	72	5
4873	72	0
4874	72	5
4875	72	0
4876	72	5
4877	72	0
4878	72	5
4879	72	5
4880	72	1
4881	72	5
4882	72	5
4883	72	5
4884	72	5
4885	72	5
4886	72	5
4887	72	5
4888	72	5
4889	72	3
4890	72	0
4891	72	1
4892	72	1
4893	72	5
4894	72	5
4895	72	1
4896	72	1
4897	72	5
4898	72	5
4899	72	5
4900	72	1
4901	72	1
4902	72	5
4903	72	5
4904	72	1
4905	72	5
4906	72	4
4906	118	4
4907	72	5
4908	72	5
4909	72	5
4910	72	5
4911	72	3
4912	72	3
4913	72	5
4914	72	5
4915	72	5
4915	118	5
4916	72	5
4917	72	5
4918	72	5
4919	72	5
4920	72	1
4921	72	1
4922	72	1
4923	72	0
4924	72	3
4925	72	5
4926	72	5
4927	72	5
4928	72	5
4929	72	1
4930	72	4
4931	72	5
4932	72	0
4933	72	5
4934	72	5
4935	72	5
4936	72	5
4937	72	1
4938	72	5
4939	72	3
4940	72	5
4941	72	5
4942	72	5
4943	72	5
4944	72	0
4945	72	5
4946	72	2
4947	72	5
4948	72	5
4949	72	1
4950	72	4
4951	72	5
4952	72	5
4953	72	5
4954	72	0
4955	72	5
4956	72	4
4957	72	5
4958	72	5
4959	72	5
4960	72	5
4961	72	1
4962	72	5
4963	72	5
4964	72	5
4965	72	5
4966	72	5
4967	72	5
4968	72	1
4969	72	1
4970	72	5
4971	72	5
4972	72	5
4973	72	5
4974	72	5
4975	72	4
4976	72	5
4977	72	5
4978	72	5
4979	72	5
4980	72	1
4981	72	1
4982	72	5
4983	72	1
4984	72	5
4985	72	5
4986	72	5
4987	72	5
4988	72	5
4989	72	4
4990	72	5
4991	72	4
4992	72	5
4993	72	5
4994	72	1
4995	72	5
4996	72	5
4997	72	0
4998	72	5
4999	72	5
5000	72	5
5001	72	5
5002	72	5
5003	72	5
5004	72	5
5005	72	1
5006	72	1
5007	72	0
5008	72	5
5009	72	5
5010	72	5
5011	72	5
5012	72	5
5013	72	5
5014	72	5
5015	72	5
5016	72	0
5017	72	5
5018	72	5
5019	72	5
5020	72	1
5020	118	5
5021	73	3
5022	73	3
5023	73	5
5024	75	0
5025	75	0
5026	75	0
5027	75	0
5028	75	0
5029	75	0
5030	75	0
5031	75	0
5032	75	0
5033	75	0
5034	75	0
5035	75	0
5036	75	0
5037	75	5
5038	75	5
5039	75	5
5040	75	5
5041	75	1
5042	75	4
5042	96	5
5043	75	5
5044	75	4
5045	75	4
5046	75	5
5047	75	3
5048	75	5
5049	75	5
5050	76	3
5051	76	5
5052	76	5
5053	76	4
5054	76	1
5055	76	5
5056	76	5
5057	76	5
5058	76	5
5059	76	5
5060	76	5
5061	76	5
5062	76	5
5063	76	5
5063	119	1
5064	76	5
5065	76	5
5066	76	5
5067	76	5
5068	76	5
5069	76	5
5070	76	5
5071	76	5
5072	76	5
5073	76	5
5074	76	5
5075	76	5
5076	76	5
5077	76	5
5078	76	5
5079	76	5
5080	76	5
5081	76	5
5082	76	5
5083	76	5
5084	76	5
5085	76	5
5086	76	5
5087	76	5
5088	76	5
5089	76	5
5090	76	5
5091	76	5
5092	76	2
5093	76	4
5093	99	1
5094	76	5
5095	76	5
5096	76	5
5096	119	5
5097	76	5
5097	99	1
5098	77	0
5099	77	0
5100	78	0
5101	78	0
5102	79	0
5103	79	0
5104	79	0
5105	79	0
5106	80	2
5107	80	5
5107	110	2
5108	80	2
5109	80	1
5110	80	2
5111	80	4
5112	80	3
5113	80	1
5114	80	3
5115	80	1
5116	80	1
5117	80	1
5118	80	1
5119	80	2
5120	80	1
5121	80	1
5122	80	1
5123	80	2
5124	80	1
5124	99	1
5125	80	2
5126	80	1
5127	80	1
5128	80	1
5129	80	1
5130	80	5
5131	81	0
5132	81	0
5133	81	0
5134	81	0
5135	82	3
5136	82	0
5137	82	1
5138	82	2
5139	82	1
5140	82	5
5141	82	5
5142	82	4
5143	82	4
5144	82	4
5145	82	3
5146	82	4
5147	82	5
5148	82	3
5149	82	3
5150	82	3
5151	82	5
5152	82	2
5153	82	3
5154	82	3
5155	82	5
5156	82	5
5157	82	4
5158	82	3
5159	82	0
5160	82	0
5161	82	0
5162	82	0
5163	82	0
5164	82	0
5165	82	0
5166	82	0
5167	82	0
5168	82	0
5168	90	5
5168	99	5
5169	82	0
5170	82	0
5171	82	0
5172	82	0
5173	82	0
5174	83	4
5174	112	5
5175	83	5
5176	83	4
5177	83	5
5178	83	4
5179	83	5
5180	84	4
5181	84	4
5182	84	5
5183	84	5
5184	84	5
5185	84	5
5186	84	5
5187	84	5
5188	84	5
5189	84	5
5190	84	5
5191	84	5
5192	84	0
5193	84	5
5194	84	5
5195	84	4
5196	84	4
5197	84	5
5198	84	5
5199	84	5
5200	84	5
5201	84	2
5202	84	5
5203	84	4
5204	84	5
5205	84	4
5206	84	5
5206	113	1
5207	84	4
5208	84	5
5209	84	5
5210	84	5
5211	84	5
5212	84	5
5213	84	5
5214	84	5
5215	84	5
5216	84	5
5217	84	4
5218	84	5
5219	84	5
5220	84	4
5221	84	4
5222	84	5
5223	84	4
5224	84	0
5225	84	0
5226	84	0
5227	84	0
5228	84	0
5229	84	0
5229	112	4
5230	84	0
5230	96	1
5231	84	0
5232	84	0
5233	84	0
5234	84	0
5235	84	0
5236	84	0
5237	84	0
5238	84	0
5239	84	0
5240	84	0
5241	84	0
5242	84	0
5243	84	0
5244	84	0
5245	85	0
5246	85	0
5247	85	0
5248	85	0
5249	85	0
5250	85	0
5251	85	0
5252	85	0
5253	85	0
5254	85	0
5255	85	0
5256	85	0
5257	85	0
5258	85	0
5259	85	0
5260	86	0
5261	86	0
5262	86	0
5263	87	0
5264	87	0
5265	87	0
5266	89	0
5267	89	0
5268	89	0
5269	89	0
5270	89	0
5271	90	4
5272	90	3
5273	90	2
5274	90	4
5275	90	5
5276	90	5
5277	90	5
5278	90	5
5279	90	5
5280	90	5
5281	90	5
5282	90	5
5283	90	5
5284	90	5
5285	90	5
5286	90	5
5287	90	5
5288	90	5
5289	90	3
5290	90	5
5291	90	5
5292	90	5
5293	90	5
5294	90	5
5295	90	5
5296	90	5
5297	90	5
5298	90	5
5299	90	5
5300	90	5
5301	90	5
5302	90	5
5303	90	5
5304	90	5
5305	90	5
5306	90	5
5307	90	5
5308	90	5
5309	90	5
5310	90	5
5311	90	5
5312	90	5
5313	90	5
5314	90	5
5315	90	5
5316	90	5
5317	90	5
5318	90	5
5319	90	5
5320	90	5
5321	90	5
5322	90	5
5323	90	5
5324	90	5
5325	90	5
5326	90	5
5327	90	5
5328	90	5
5329	90	5
5329	106	5
5330	90	5
5331	90	5
5332	90	5
5333	90	5
5334	90	5
5335	90	5
5336	90	5
5337	90	5
5338	90	5
5339	90	5
5340	90	5
5341	90	5
5342	90	5
5343	90	5
5344	90	5
5345	90	5
5346	90	5
5347	90	4.5
5347	106	5
5348	90	5
5349	90	5
5350	90	5
5351	90	5
5352	90	5
5353	90	5
5354	90	5
5355	90	5
5356	90	5
5357	90	5
5358	91	0
5359	91	0
5360	91	0
5361	91	0
5362	91	0
5363	91	0
5364	91	0
5365	91	0
5366	92	2
5367	92	4
5368	92	3
5369	92	1
5370	92	1
5371	92	3
5371	123	0
5372	92	2
5373	92	1
5374	92	1
5375	92	1
5375	95	5
5376	92	3
5377	92	1
5378	92	1
5379	92	1
5380	92	1
5381	92	1
5382	92	2
5383	92	2
5383	106	5
5384	92	1
5385	92	4
5386	92	3
5387	92	2
5388	92	1
5389	92	5
5390	92	4
5391	92	1
5392	92	2
5393	92	5
5394	92	1
5394	112	5
5395	92	4
5396	92	5
5397	92	5
5398	93	2
5399	93	2
5400	93	5
5401	95	5
5402	95	5
5403	95	5
5404	95	4
5404	112	5
5405	95	5
5406	95	5
5407	95	2
5408	95	4
5409	95	5
5410	95	2
5411	95	5
5412	95	5
5413	95	5
5414	95	5
5415	95	5
5416	95	5
5417	95	5
5418	95	4
5419	95	5
5420	95	4
5421	95	5
5422	95	5
5423	95	5
5424	95	5
5425	95	5
5426	95	5
5427	95	5
5428	95	4
5429	95	5
5430	95	5
5431	95	5
5432	95	5
5433	95	5
5434	95	4
5435	95	4
5436	95	4
5437	95	5
5437	113	1
5438	95	5
5439	95	5
5440	95	5
5441	95	5
5442	95	4
5442	96	3
5443	95	4
5444	95	5
5445	95	5
5446	95	5
5447	95	4
5448	95	5
5449	95	5
5450	95	5
5451	95	5
5452	95	5
5453	96	1
5454	96	5
5455	96	2
5456	96	4
5457	96	1
5458	96	2
5459	96	5
5460	96	5
5461	96	3
5462	96	2
5463	96	5
5464	96	5
5465	96	5
5466	96	5
5467	96	5
5468	96	1
5469	96	1
5469	119	5
5470	96	5
5471	96	1
5472	96	1
5473	96	1
5474	96	5
5475	96	4
5476	96	1
5477	96	1
5478	96	1
5479	96	1
5480	96	4
5481	96	1
5482	96	5
5483	96	1
5484	96	2
5485	96	1
5486	96	2
5487	96	1
5488	96	1
5489	96	1
5490	96	1
5491	96	1
5491	110	4
5492	96	1
5493	96	4
5494	96	1
5495	96	1
5496	96	1
5497	96	2
5498	96	1
5499	96	1
5500	96	1
5501	96	1
5502	96	3
5503	96	1
5504	96	1
5505	96	4
5506	96	4
5507	96	3
5508	96	1
5509	96	1
5510	96	4
5511	96	3
5512	96	1
5513	96	5
5514	96	1
5515	96	2
5516	96	1
5517	96	1
5517	99	5
5518	96	1
5519	96	3
5520	96	1
5521	96	3
5522	96	1
5523	96	5
5524	96	1
5525	96	2
5526	96	1
5527	96	1
5528	96	4
5529	96	1
5530	96	1
5531	96	1
5532	96	3
5533	96	5
5534	96	2
5534	105	5
5535	96	4
5536	96	2
5537	96	1
5538	96	2
5539	96	1
5540	96	1
5541	96	1
5541	110	2
5541	122	5
5542	96	1
5543	96	1
5544	96	3
5545	96	5
5546	96	5
5547	96	1
5548	96	5
5549	96	2
5550	96	3
5551	96	3
5552	96	5
5553	96	5
5554	96	2
5555	96	4
5556	96	5
5557	96	5
5558	97	0
5559	97	0
5560	97	0
5561	97	0
5562	97	0
5563	98	0
5564	98	0
5565	99	1
5566	99	2
5567	99	1
5568	99	1
5568	112	5
5569	99	1
5570	99	5
5571	99	1
5572	99	1
5573	99	5
5574	99	5
5575	99	4
5576	99	5
5577	99	1
5578	99	2
5579	99	1
5580	99	5
5581	99	1
5582	99	4
5583	99	2
5584	99	4
5585	99	5
5586	99	5
5587	99	5
5588	99	2
5588	106	3
5589	99	1
5590	99	2
5591	99	5
5592	99	2
5593	99	4
5594	99	1
5595	99	4
5596	99	5
5597	99	1
5598	99	5
5599	99	5
5600	99	5
5601	99	1
5602	99	5
5603	99	4
5604	99	5
5605	99	5
5606	99	5
5607	99	5
5608	99	5
5609	99	5
5610	99	1
5611	99	1
5612	99	5
5613	99	5
5614	99	5
5615	99	5
5615	112	4
5616	99	5
5617	99	2
5618	99	5
5619	99	5
5620	99	5
5621	99	5
5622	99	5
5623	99	4
5623	106	5
5624	99	1
5625	99	5
5626	99	5
5627	99	5
5628	99	5
5629	99	1
5630	99	5
5631	99	5
5632	99	5
5633	99	3
5634	99	5
5635	99	5
5636	99	5
5637	99	5
5638	99	5
5639	99	5
5640	99	5
5641	99	3
5642	99	5
5643	99	5
5644	99	5
5645	99	5
5646	101	0
5647	102	0
5648	103	0
5649	104	4
5650	105	2
5651	105	5
5652	105	2
5653	105	2
5654	105	1
5655	105	4
5656	105	2
5657	105	2
5658	105	1
5659	105	5
5660	105	3
5661	105	5
5662	105	2
5663	105	5
5664	105	2
5665	105	2
5666	105	1
5667	105	1
5668	105	1
5669	105	2
5670	105	5
5671	105	2
5672	105	5
5673	105	4
5674	105	1
5675	105	4
5676	105	1
5677	106	5
5678	106	5
5679	106	5
5680	106	5
5681	106	1
5682	106	5
5683	106	1
5684	106	5
5685	106	5
5686	106	5
5687	106	5
5688	106	2
5689	106	1
5690	106	4
5691	106	1
5692	106	5
5693	106	5
5694	106	5
5695	106	3
5696	106	5
5697	106	5
5697	119	1
5698	106	1
5699	106	5
5700	106	5
5701	106	1
5701	112	5
5702	106	5
5703	106	5
5704	106	4
5705	106	5
5706	106	1
5707	106	5
5708	106	3
5709	106	5
5710	106	2
5711	106	5
5712	106	5
5713	106	5
5714	106	5
5715	106	5
5716	106	5
5717	106	5
5718	106	5
5719	106	5
5720	106	3
5721	106	1
5722	106	5
5723	106	5
5724	106	2
5725	106	5
5726	106	2
5727	106	4
5728	106	4.5
5729	106	5
5730	106	5
5731	106	5
5732	106	5
5733	106	1
5734	106	1
5735	106	5
5736	106	1
5737	106	5
5737	110	5
5738	106	5
5739	106	5
5740	106	5
5741	106	5
5742	106	5
5743	106	5
5744	106	5
5745	106	5
5746	106	1
5747	106	4
5748	106	5
5749	106	1
5750	106	1
5751	106	1
5752	106	5
5752	116	5
5753	106	3
5754	106	5
5755	106	1
5756	106	5
5757	106	5
5758	106	4.5
5759	106	5
5760	106	5
5761	106	5
5762	106	5
5763	106	5
5764	106	4
5765	107	1
5766	107	5
5767	107	2
5768	107	3
5769	107	4
5770	107	4
5771	107	5
5772	107	5
5773	107	4
5774	107	4
5775	107	4
5776	107	5
5777	107	4
5778	107	4
5779	107	3
5780	107	4
5781	107	4
5782	107	4
5783	107	4.5
5784	107	4
5785	107	4
5786	107	5
5787	107	5
5788	107	4
5789	107	5
5790	109	5
5791	109	4
5792	109	5
5793	109	5
5794	109	5
5795	109	5
5796	109	0
5797	109	2
5798	109	3
5799	109	4
5800	109	5
5801	109	5
5802	109	5
5803	109	5
5804	109	4
5805	109	1
5806	109	4
5807	109	5
5808	109	3
5809	109	5
5810	109	5
5811	109	5
5812	109	5
5813	109	4
5814	109	4
5815	109	0
5816	109	0
5817	109	0
5818	109	0
5819	109	0
5820	109	0
5821	109	0
5822	109	0
5823	109	0
5824	109	0
5825	109	0
5826	109	0
5827	110	5
5828	110	5
5829	110	1
5830	110	3
5831	110	4
5832	110	2
5833	110	1
5834	110	1
5835	110	1
5836	110	4
5837	110	5
5838	110	4
5839	110	5
5840	110	5
5841	110	5
5842	110	1
5843	110	5
5844	110	5
5845	110	5
5846	110	5
5847	110	5
5848	110	5
5849	110	5
5850	110	5
5851	110	2
5852	110	1
5853	110	2
5854	110	5
5855	110	4
5856	110	5
5857	110	4
5858	110	5
5859	110	5
5860	110	5
5861	110	4
5862	110	4
5863	110	3
5864	110	3
5865	110	2
5866	110	5
5867	110	5
5868	110	3
5869	110	1
5870	110	2
5871	110	1
5872	110	5
5873	110	3
5874	110	4
5875	110	2
5876	110	1
5877	110	1
5878	110	5
5879	110	5
5880	110	2
5881	110	5
5882	110	1
5883	110	1
5884	110	5
5885	110	1
5886	110	3
5887	110	4
5888	110	1
5889	110	4
5889	119	4
5890	110	5
5891	110	5
5892	110	5
5893	110	5
5894	110	5
5895	110	5
5896	110	5
5897	110	5
5898	111	5
5899	111	5
5900	111	5
5901	111	5
5902	111	5
5903	112	5
5904	112	5
5905	112	5
5906	112	5
5907	112	5
5908	112	1
5909	112	4
5910	112	5
5911	112	5
5912	112	5
5913	112	5
5914	112	5
5915	112	5
5916	112	5
5917	112	5
5918	112	5
5919	112	5
5920	112	5
5920	116	4
5921	112	5
5922	112	5
5923	112	5
5924	112	5
5925	112	5
5926	112	5
5927	112	5
5928	112	5
5929	112	5
5930	112	5
5931	112	5
5932	112	5
5933	112	5
5934	112	4.5
5935	112	5
5936	112	4
5937	112	5
5938	112	5
5939	112	5
5940	112	5
5941	112	5
5942	112	5
5943	112	5
5944	112	5
5945	112	5
5946	112	5
5947	112	4
5948	112	5
5949	112	5
5950	112	5
5951	112	5
5952	112	5
5953	112	5
5954	112	5
5955	112	5
5956	112	5
5957	112	5
5958	112	5
5959	112	5
5960	112	5
5961	112	5
5962	112	5
5963	112	5
5964	112	5
5965	112	5
5966	112	5
5967	112	5
5968	112	4
5969	112	5
5970	112	3
5971	112	5
5972	112	5
5973	112	5
5974	112	5
5975	112	5
5976	112	5
5977	112	4
5978	112	5
5979	112	5
5980	112	5
5981	112	5
5982	112	5
5983	112	5
5984	112	5
5985	112	5
5986	112	5
5986	113	1
5987	112	5
5988	112	5
5989	112	5
5990	112	5
5991	112	5
5992	112	5
5993	112	5
5994	112	5
5995	112	5
5996	112	5
5997	112	5
5998	112	5
5999	112	5
6000	112	5
6001	112	5
6002	112	5
6003	112	5
6004	112	5
6005	112	5
6006	112	5
6007	112	5
6008	112	5
6009	112	5
6010	112	5
6011	112	5
6012	112	5
6013	112	5
6014	112	5
6015	112	5
6016	112	5
6017	112	3
6018	112	5
6019	112	5
6020	112	5
6021	112	5
6022	112	5
6023	112	5
6024	112	5
6025	112	5
6026	112	5
6027	112	5
6028	112	3
6029	112	5
6030	112	5
6031	112	5
6032	112	5
6033	112	5
6034	112	5
6035	112	5
6036	112	4
6037	112	5
6038	112	5
6039	112	5
6040	112	5
6041	113	1
6041	119	1
6042	113	1
6043	113	1
6044	113	1
6045	113	1
6046	113	2
6047	113	1
6048	113	1
6049	113	1
6050	113	2
6051	113	5
6052	113	1
6053	113	1
6054	113	2
6055	113	1
6056	113	1
6057	113	2
6058	113	2
6059	113	1
6060	113	1
6061	113	1
6062	113	1
6063	113	1
6064	113	1
6065	113	1
6066	113	1
6066	119	1
6067	113	1
6068	113	1
6069	113	1
6070	113	1
6071	113	1
6072	113	1
6073	114	0
6074	114	0
6075	114	0
6076	114	0
6077	114	0
6078	115	0
6079	115	0
6080	115	0
6081	115	0
6082	116	1
6083	116	2
6084	116	1
6085	116	1
6086	116	1
6087	116	1
6088	116	2
6089	116	1
6090	116	1
6091	116	1
6092	116	1
6093	116	1
6094	116	1
6095	116	1
6096	116	1
6097	116	1
6098	116	1
6099	116	1
6100	116	1
6101	116	1
6102	116	1
6103	116	1
6104	116	1
6105	116	1
6106	116	1
6107	116	1
6108	116	1
6109	116	1
6110	116	1
6111	116	2
6112	116	1
6113	116	2
6114	116	1
6115	116	1
6116	116	1
6117	116	1
6118	116	2
6119	116	1
6120	116	1
6121	116	1
6122	116	3
6123	116	1
6124	116	1
6125	116	1
6126	116	5
6127	116	1
6128	116	1
6129	116	1
6130	116	2
6131	116	1
6132	116	1
6133	116	1
6134	116	1
6135	116	2
6136	116	1
6137	116	1
6138	116	5
6139	116	1
6140	116	5
6140	122	5
6141	116	5
6142	116	5
6143	116	5
6144	116	1
6145	116	1
6146	116	1
6147	116	1
6148	116	1
6149	117	5
6150	117	0
6151	117	5
6152	117	5
6153	117	5
6154	117	5
6155	117	0
6156	117	5
6157	117	3
6158	117	0
6159	117	5
6160	117	5
6161	117	3
6162	117	0
6162	118	5
6163	117	4
6164	117	5
6165	117	5
6166	117	3
6167	117	5
6168	117	5
6169	117	5
6170	117	5
6171	117	5
6172	117	5
6173	117	5
6174	117	0
6175	117	0
6176	117	0
6177	117	5
6178	117	5
6179	117	3
6180	117	5
6181	117	5
6182	117	5
6183	117	5
6184	117	5
6185	117	5
6186	117	5
6187	117	5
6188	117	5
6189	117	5
6190	117	5
6191	117	5
6192	117	5
6193	117	4
6194	117	4
6195	117	0
6196	117	5
6197	117	0
6198	117	5
6199	117	5
6200	117	5
6201	117	4
6202	117	5
6203	117	5
6204	117	5
6205	117	5
6206	117	5
6207	117	0
6208	117	5
6209	117	5
6210	117	0
6211	117	5
6212	117	5
6213	117	0
6214	117	0
6215	117	1
6216	117	4
6217	117	5
6218	117	5
6219	117	5
6220	117	5
6221	117	5
6222	117	4
6223	117	5
6224	117	0
6225	117	0
6226	117	0
6227	117	4
6228	117	0
6229	117	5
6230	117	5
6231	117	5
6232	117	0
6233	117	5
6234	117	5
6235	117	0
6236	117	5
6237	117	5
6238	117	5
6239	117	0
6240	117	5
6241	117	5
6242	117	5
6243	117	4
6244	117	5
6244	118	5
6245	117	5
6246	117	5
6247	117	5
6248	117	5
6249	117	5
6250	117	0
6251	117	5
6252	117	5
6253	117	5
6254	117	5
6255	117	5
6256	117	5
6257	117	0
6258	117	5
6259	117	5
6260	117	5
6261	117	0
6262	117	0
6263	117	5
6264	117	5
6265	117	5
6266	117	5
6267	117	5
6268	117	5
6269	117	5
6270	117	5
6271	118	3
6272	118	5
6273	118	5
6274	118	4
6275	118	5
6276	118	4
6277	118	5
6278	118	5
6279	118	5
6280	118	4
6281	118	5
6282	118	5
6283	118	5
6284	118	5
6285	118	5
6286	118	5
6287	118	5
6288	118	4
6289	118	5
6290	118	3
6291	118	5
6292	118	4
6293	118	5
6294	118	4
6295	118	5
6296	118	5
6297	118	5
6298	118	5
6299	118	5
6300	118	1
6301	118	5
6302	118	5
6303	118	4
6304	118	1
6305	118	5
6306	118	5
6307	118	5
6308	118	4
6309	118	5
6310	118	5
6311	118	5
6312	118	5
6313	118	1
6314	118	5
6315	118	4
6316	118	5
6317	118	5
6318	118	0
6319	118	4
6320	118	1
6321	118	5
6322	118	5
6323	118	0
6324	118	5
6325	118	4
6326	118	1
6327	118	0
6328	118	0
6329	118	1
6330	118	4
6331	118	4
6332	118	5
6333	118	5
6334	118	4
6335	118	2
6336	118	5
6337	118	5
6338	118	5
6339	118	5
6340	118	5
6341	118	2
6342	118	5
6343	118	4
6344	118	0
6345	118	5
6346	118	5
6347	118	1
6348	118	4
6349	118	5
6350	118	5
6351	118	5
6352	118	4
6353	118	0
6354	118	5
6355	118	4
6356	118	2
6357	118	4
6358	118	5
6359	118	5
6360	118	1
6361	118	3
6362	118	2
6363	118	5
6364	118	3
6365	118	2.5
6366	118	5
6367	118	3
6368	118	1
6369	118	5
6370	118	5
6371	118	5
6372	118	5
6373	118	4
6374	118	4
6375	118	5
6376	118	4
6377	118	5
6378	118	5
6379	118	1
6380	118	4
6381	118	5
6382	118	2.5
6383	118	4
6384	118	4
6385	118	4
6386	118	5
6387	118	1
6388	118	4
6389	118	3
6390	118	4
6391	118	4
6392	118	4
6393	118	5
6394	118	5
6395	118	5
6396	118	5
6397	118	1
6398	118	4
6399	118	5
6400	118	4
6401	118	5
6402	118	1
6403	118	4
6404	118	4
6405	118	5
6406	118	5
6407	118	4
6408	118	5
6409	118	4
6410	118	3
6411	118	2
6412	118	5
6413	118	5
6414	118	4
6415	118	4
6416	118	3
6417	118	2
6418	118	5
6419	118	5
6420	118	5
6421	118	3
6422	118	1
6423	118	1
6424	118	1
6425	118	2
6426	118	5
6427	118	5
6428	118	5
6429	118	5
6430	118	1
6431	118	1
6432	118	3
6433	118	5
6434	118	5
6435	118	5
6436	118	3
6437	118	5
6438	118	0
6439	118	1
6440	118	3
6441	118	0
6442	118	5
6443	118	5
6444	118	5
6445	118	5
6446	118	5
6447	118	3
6448	118	5
6449	118	5
6450	118	5
6451	118	5
6452	118	0
6453	118	2
6454	118	5
6455	118	5
6456	118	5
6457	118	0
6458	118	5
6459	118	5
6460	118	5
6461	118	5
6462	118	5
6463	118	5
6464	118	5
6465	118	3
6466	118	5
6467	118	5
6468	118	4
6469	118	5
6470	118	5
6471	118	5
6472	118	5
6473	118	5
6474	118	4
6475	118	5
6476	118	4
6477	118	4
6478	118	3
6479	118	5
6480	118	5
6481	118	5
6482	118	5
6483	118	4
6484	118	1
6485	118	5
6486	118	5
6487	118	5
6488	118	5
6489	118	4
6490	118	4
6491	118	3
6492	118	5
6493	118	2.5
6494	118	5
6495	118	5
6496	118	5
6497	118	5
6498	118	5
6499	118	5
6500	118	5
6501	118	1
6502	118	0
6503	118	2
6504	118	0
6505	118	5
6506	118	5
6507	118	5
6508	118	5
6509	118	5
6510	118	4
6511	118	0
6512	118	5
6513	118	1.5
6514	118	1
6515	118	1
6516	118	5
6517	118	5
6518	118	1
6519	118	1
6520	118	4
6521	118	2
6522	118	5
6523	118	1
6524	118	5
6525	118	4.5
6526	118	5
6527	118	4
6528	118	4
6529	118	5
6530	118	5
6531	118	1
6532	118	1
6533	118	4
6534	118	4
6535	118	4
6536	118	0
6537	118	4
6538	118	5
6539	118	5
6540	118	5
6541	118	4
6542	118	0
6543	118	5
6544	118	5
6545	118	4
6546	118	5
6547	118	1
6548	118	4
6549	118	5
6550	118	5
6551	118	5
6552	118	1
6553	118	5
6554	118	2
6555	118	2
6556	118	5
6557	118	4
6558	118	2
6559	118	5
6560	118	2
6561	118	1
6562	118	5
6563	118	4
6564	118	5
6565	118	1
6566	118	5
6567	118	5
6568	118	5
6569	118	2
6570	118	5
6571	118	5
6572	118	5
6573	118	5
6574	118	1
6575	118	5
6576	118	5
6577	118	5
6578	118	3
6579	118	5
6580	118	4
6581	118	5
6582	118	3
6583	118	1
6584	118	5
6585	118	5
6586	118	4
6587	118	5
6588	118	1
6589	118	5
6590	118	5
6591	118	5
6592	118	5
6593	118	4
6594	118	4
6595	118	5
6596	118	5
6597	118	1
6598	118	5
6599	118	0
6600	118	5
6601	118	5
6602	118	2
6603	118	3
6604	118	4
6605	118	2
6606	118	1
6607	118	5
6608	118	5
6609	118	5
6610	118	2
6611	118	5
6612	118	5
6613	118	5
6614	118	4
6615	118	5
6616	118	5
6617	118	4
6618	118	4
6619	118	4
6620	118	5
6621	118	5
6622	118	5
6623	118	4
6624	118	4
6625	118	5
6626	118	4
6627	118	5
6628	118	0
6629	118	4
6630	118	5
6631	118	5
6632	118	0
6633	118	1
6634	118	5
6635	118	5
6636	118	5
6637	118	5
6638	118	5
6639	118	4
6640	118	5
6641	118	4
6642	118	5
6643	118	4
6644	118	0
6645	118	5
6646	118	5
6647	118	1
6648	118	5
6649	118	5
6650	118	4
6651	118	5
6652	118	1
6653	118	5
6654	118	1
6655	118	3
6656	118	5
6657	118	5
6658	118	5
6659	118	4
6660	118	1
6661	118	5
6662	118	1
6663	118	4
6664	118	5
6665	118	5
6666	118	5
6667	118	5
6668	118	5
6669	118	5
6670	118	5
6671	118	5
6672	118	4
6673	118	4
6674	118	4
6675	118	5
6676	118	3
6677	118	5
6678	118	0
6679	118	5
6680	118	3
6681	118	4
6682	118	0
6683	118	5
6684	118	5
6685	118	5
6686	118	5
6687	118	5
6688	118	4
6689	118	3
6690	118	4
6691	118	5
6692	118	4
6693	118	4
6694	118	5
6695	118	4
6696	118	0
6697	118	5
6698	118	5
6699	118	0
6700	118	5
6701	118	0
6702	118	5
6703	118	4
6704	118	5
6705	118	5
6706	118	5
6707	118	5
6708	118	1
6709	118	4
6710	118	5
6711	118	4
6712	118	0
6713	118	4
6714	118	5
6715	118	5
6716	118	0
6717	118	0
6718	118	5
6719	118	5
6720	118	5
6721	118	0
6722	118	5
6723	118	0
6724	118	5
6725	118	5
6726	118	5
6727	118	5
6728	118	4
6729	118	5
6730	118	5
6731	118	1
6732	118	5
6733	118	5
6734	118	5
6735	118	5
6736	118	5
6737	118	5
6738	118	5
6739	118	0
6740	118	5
6741	118	5
6742	118	2
6743	118	1
6744	118	5
6745	118	5
6746	118	5
6747	118	4
6748	118	4
6749	118	2
6750	118	0
6751	118	5
6752	118	5
6753	118	5
6754	118	5
6755	118	5
6756	118	5
6757	118	5
6758	118	5
6759	118	5
6760	118	5
6761	118	1
6762	118	5
6763	118	4
6764	118	4
6765	118	3
6766	118	5
6767	118	5
6768	118	5
6769	118	0
6770	118	1
6771	118	5
6772	118	4
6773	118	5
6774	118	0
6775	118	5
6776	118	5
6777	118	3
6778	118	4
6779	118	5
6780	118	5
6781	118	5
6782	118	5
6783	118	5
6784	118	5
6785	118	5
6786	118	5
6787	118	5
6788	118	5
6789	118	4
6790	118	5
6791	118	5
6792	118	0
6793	118	5
6794	118	4
6795	118	5
6796	118	4
6797	118	5
6798	118	5
6799	118	5
6800	118	4
6801	118	5
6802	118	0
6803	118	5
6804	118	5
6805	118	5
6806	118	4
6807	118	0
6808	118	4
6809	118	5
6810	118	4
6811	118	5
6812	118	5
6813	118	4
6814	118	5
6815	118	5
6816	118	5
6817	118	5
6818	118	5
6819	118	0
6820	118	0
6821	118	5
6822	118	5
6823	118	5
6824	118	5
6825	118	5
6826	118	5
6827	118	5
6828	118	4
6829	118	5
6830	118	5
6831	118	4
6832	118	0
6833	118	5
6834	118	4
6835	118	5
6836	118	5
6837	118	1
6838	118	5
6839	118	5
6840	118	0
6841	118	4
6842	118	5
6843	118	4
6844	118	5
6845	118	4
6846	118	5
6847	118	5
6848	118	4
6849	118	5
6850	118	5
6851	118	4
6852	118	5
6853	118	0
6854	118	0
6855	118	5
6856	118	5
6857	118	5
6858	118	5
6859	118	4
6860	118	5
6861	118	5
6862	118	2
6863	118	5
6864	118	5
6865	118	3
6866	118	5
6867	118	5
6868	118	4
6869	118	5
6870	118	5
6871	118	5
6872	118	4
6873	118	4
6874	118	4
6875	118	0
6876	118	5
6877	118	5
6878	118	0
6879	118	5
6880	118	0
6881	118	5
6882	118	5
6883	118	5
6884	118	5
6885	118	5
6886	118	2
6887	118	5
6888	118	0
6889	118	5
6890	118	5
6891	118	5
6892	118	5
6893	118	5
6894	118	5
6895	118	5
6896	118	4
6897	118	5
6898	118	5
6899	118	5
6900	118	5
6901	118	5
6902	118	4
6903	118	5
6904	118	5
6905	118	0
6906	118	4
6907	118	5
6908	118	5
6909	118	5
6910	118	0
6911	118	5
6912	118	5
6913	118	5
6914	118	5
6915	118	5
6916	118	5
6917	118	5
6918	118	5
6919	118	5
6920	118	4
6921	118	4
6922	118	4
6923	118	5
6924	118	5
6925	118	5
6926	118	4
6927	118	4
6928	118	4
6929	118	5
6930	118	5
6931	118	5
6932	118	1
6933	118	4
6934	118	5
6935	118	1
6936	118	2
6937	118	0
6938	118	5
6939	118	0
6940	118	5
6941	118	5
6942	118	5
6943	118	5
6944	118	5
6945	118	4
6946	118	5
6947	118	5
6948	118	5
6949	118	5
6950	118	5
6951	118	5
6952	118	1
6953	118	5
6954	118	5
6955	118	2
6956	118	5
6957	118	5
6958	118	5
6959	118	5
6960	118	4
6961	118	5
6962	118	5
6963	118	5
6964	118	5
6965	118	5
6966	118	4
6967	118	0
6968	118	4
6969	118	5
6970	118	5
6971	118	5
6972	118	1
6973	118	5
6974	118	4
6975	118	4
6976	118	5
6977	118	5
6978	118	5
6979	118	5
6980	118	4
6981	118	5
6982	118	5
6983	118	5
6984	118	5
6985	118	5
6986	118	5
6987	118	4
6988	118	5
6989	118	4
6990	118	5
6991	118	5
6992	118	5
6993	118	5
6994	118	4
6995	118	5
6996	118	5
6997	118	0
6998	118	5
6999	118	2
7000	118	4
7001	118	5
7002	118	1
7003	118	2
7004	118	4
7005	118	5
7006	118	5
7007	118	5
7008	118	5
7009	118	5
7010	118	4
7011	118	5
7012	118	5
7013	118	5
7014	118	5
7015	118	0
7016	118	5
7017	118	5
7018	118	5
7019	118	0
7020	118	4
7021	118	0
7022	118	0
7023	118	4
7024	118	5
7025	118	5
7026	118	0
7027	118	4
7028	118	1
7029	118	1
7030	118	4
7031	118	5
7032	118	5
7033	118	5
7034	118	0
7035	118	5
7036	118	5
7037	118	5
7038	118	4
7039	118	4
7040	118	5
7041	118	0
7042	118	5
7043	118	5
7044	118	5
7045	118	4
7046	118	0
7047	118	5
7048	118	0
7049	118	5
7050	118	0
7051	118	5
7052	118	5
7053	118	5
7054	118	5
7055	118	5
7056	118	2
7057	118	5
7058	118	4
7059	118	5
7060	118	5
7061	118	5
7062	118	4
7063	118	5
7064	118	1
7065	118	0
7066	118	4
7067	118	4
7068	118	5
7069	118	4
7070	118	5
7071	118	5
7072	118	5
7073	118	5
7074	118	5
7075	118	5
7076	118	5
7077	118	1
7078	118	0
7079	118	5
7080	118	5
7081	118	0
7082	118	5
7083	118	5
7084	118	5
7085	118	5
7086	118	2
7087	118	5
7088	118	5
7089	118	5
7090	118	5
7091	118	5
7092	118	5
7093	118	0
7094	118	0
7095	118	5
7096	118	5
7097	118	5
7098	118	5
7099	118	5
7100	118	5
7101	118	5
7102	118	5
7103	118	4
7104	118	5
7105	118	3
7106	118	5
7107	118	5
7108	118	5
7109	118	3
7110	118	1
7111	118	5
7112	118	3
7113	118	5
7114	118	0
7115	118	5
7116	118	5
7117	118	0
7118	118	5
7119	118	5
7120	118	5
7121	118	5
7122	118	2
7123	118	5
7124	118	2
7125	118	4
7126	118	5
7127	118	1
7128	118	0
7129	118	0
7130	118	0
7131	118	5
7132	118	4
7133	118	0
7134	118	5
7135	118	5
7136	118	5
7137	118	1
7138	118	4
7139	118	4
7140	118	5
7141	118	4
7142	118	5
7143	118	2
7144	118	5
7145	118	1
7146	118	4
7147	118	5
7148	118	0
7149	118	5
7150	118	5
7151	118	5
7152	118	3
7153	118	5
7154	118	5
7155	118	5
7156	118	5
7157	118	5
7158	118	5
7159	118	5
7160	118	5
7161	118	1
7162	118	1
7163	118	2
7164	118	5
7165	118	5
7166	118	1
7167	118	5
7168	118	1
7169	118	5
7170	118	4
7171	118	1
7172	118	5
7173	118	5
7174	118	4
7175	118	1
7176	118	3
7177	118	4
7178	118	5
7179	118	5
7180	118	5
7181	118	1
7182	118	1
7183	118	5
7184	119	1
7185	119	1
7186	119	5
7187	119	1
7188	119	3
7189	119	1
7190	119	1
7191	119	2
7192	119	1
7193	119	1
7194	119	1
7195	119	1
7196	119	2
7197	119	1
7198	119	1
7199	119	1
7200	119	1
7201	119	1
7202	119	1
7203	119	5
7204	119	5
7205	119	5
7206	119	1
7207	119	5
7208	119	5
7209	119	5
7210	119	5
7211	119	5
7212	119	1
7213	119	1
7214	119	5
7215	119	4
7216	119	5
7217	119	1
7218	119	1
7219	119	1
7220	119	1
7221	119	1
7222	119	1
7223	119	5
7224	119	5
7225	119	5
7226	119	1
7227	119	5
7228	119	5
7229	119	5
7230	119	5
7231	119	1
7232	119	1
7233	119	1
7234	119	5
7235	119	5
7236	119	5
7237	119	5
7238	119	4
7239	119	5
7240	119	1
7241	119	1
7242	119	3
7243	119	5
7244	119	2
7245	120	5
7246	121	0
7247	121	0
7248	121	0
7249	121	0
7250	121	0
7251	121	0
7252	121	0
7253	121	0
7254	121	0
7255	121	0
7256	121	0
7257	122	0
7258	122	0
7259	122	0
7260	122	0
7261	122	0
7262	122	0
7263	122	0
7264	122	0
7265	122	0
7266	122	0
7267	122	0
7268	122	0
7269	122	0
7270	122	5
7271	122	5
7272	122	5
7273	122	5
7274	122	5
7275	122	4
7276	122	3
7277	122	5
7278	122	5
7279	122	5
7280	122	5
7281	122	5
7282	122	5
7283	122	4
7284	122	5
7285	122	5
7286	122	4
7287	122	5
7288	122	4
7289	122	4
7290	122	5
7291	122	4
7292	122	4
7293	122	5
7294	122	5
7295	122	5
7296	122	5
7297	122	5
7298	122	5
7299	122	5
7300	122	5
7301	122	5
7302	122	5
7303	122	5
7304	122	4
7305	122	5
7306	122	4
7307	122	5
7308	122	4
7309	122	4
7310	122	4
7311	123	0
7312	123	0